             0.00000             0.00247
             0.10000             0.00247
             0.20000             0.00556
             0.30000             0.00618
             0.40000             0.00679
             0.50000             0.00679
             0.60000             0.00679
             0.70000             0.00927
             0.80000             0.00927
             0.90000             0.00865
             1.00000             0.01421
             1.10000             0.02533
             1.20000             0.02965
             1.30000             0.02656
             1.40000             0.05189
             1.50000             0.05806
             1.60000             0.09204
             1.70000             0.12601
             1.80000             0.13466
             1.90000             0.14578
             2.00000             0.13898
             2.10000             0.12292
             2.20000             0.14516
             2.30000             0.13219
             2.40000             0.10563
             2.50000             0.09636
             2.60000             0.09883
             2.70000             0.08277
             2.80000             0.05621
             2.90000             0.07845
             3.00000             0.08710
             3.10000             0.07783
             3.20000             0.05065
             3.30000             0.06671
             3.40000             0.08771
             3.50000             0.05498
             3.60000             0.04633
             3.70000             0.06177
             3.80000             0.05868
             3.90000             0.03830
             4.00000             0.04139
             4.10000             0.02100
             4.20000             0.02780
             4.30000             0.02533
             4.40000             0.03089
             4.50000             0.04139
             4.60000             0.07907
             4.70000             0.04324
             4.80000             0.04077
             4.90000             0.05498
             5.00000             0.04571
             5.10000             0.05374
             5.20000             0.04509
             5.30000             0.04262
             5.40000             0.05930
             5.50000             0.06857
             5.60000             0.04509
             5.70000             0.02656
             5.80000             0.04077
             5.90000             0.04880
             6.00000             0.09883
             6.10000             0.03521
             6.20000             0.02656
             6.30000             0.03397
             6.40000             0.06115
             6.50000             0.04571
             6.60000             0.03644
             6.70000             0.03212
             6.80000             0.03830
             6.90000             0.03768
             7.00000             0.04200
             7.10000             0.05868
             7.20000             0.12725
             7.30000             0.13589
             7.40000             0.13713
             7.50000             0.09513
             7.60000             0.09760
             7.70000             0.06795
             7.80000             0.03830
             7.90000             0.03459
             8.00000             0.05003
             8.10000             0.05065
             8.20000             0.05498
             8.30000             0.03830
             8.40000             0.03397
             8.50000             0.02656
             8.60000             0.03706
             8.70000             0.04571
             8.80000             0.02471
             8.90000             0.05127
             9.00000             0.03768
             9.10000             0.06053
             9.20000             0.08833
             9.30000             0.08710
             9.40000             0.16246
             9.50000             0.11119
             9.60000             0.03830
             9.70000             0.12107
             9.80000             0.11119
             9.90000             0.07968
            10.00000             0.16122
            10.10000             0.20322
            10.20000             0.25264
            10.30000             0.06548
            10.40000             0.01730
            10.50000             0.01853
            10.60000             0.00000
            10.70000             0.00000
            10.80000             0.00000
            10.90000             0.00000
            11.00000             0.00000
            11.10000             0.00000
            11.20000             0.00000
            11.30000             0.00000
            11.40000             0.00000
            11.50000             0.00000
            11.60000             0.00000
            11.70000             0.00000
            11.80000             0.00000
            11.90000             0.00000
            12.00000             0.00000
            12.10000             0.00000
            12.20000             0.00000
            12.30000             0.00000
            12.40000             0.00000
            12.50000             0.00000
            12.60000             0.00000
            12.70000             0.00000
            12.80000             0.00000
            12.90000             0.00000
            13.00000             0.00000
            13.10000             0.00000
            13.20000             0.00000
            13.30000             0.00000
            13.40000             0.00000
            13.50000             0.00000
            13.60000             0.00000
            13.70000             0.00000
            13.80000             0.00000
            13.90000             0.00000
            14.00000             0.00000
            14.10000             0.00000
            14.20000             0.00000
            14.30000             0.00000
            14.40000             0.00000
            14.50000             0.00000
            14.60000             0.00000
            14.70000             0.00000
            14.80000             0.00000
            14.90000             0.00000
            15.00000             0.00000
            15.10000             0.00000
            15.20000             0.00000
            15.30000             0.00000
            15.40000             0.00000
            15.50000             0.00000
            15.60000             0.00000
            15.70000             0.00000
            15.80000             0.00000
            15.90000             0.00000
            16.00000             0.00000
            16.10000             0.00000
            16.20000             0.00000
            16.30000             0.00000
            16.40000             0.00000
            16.50000             0.00000
            16.60000             0.00000
            16.70000             0.00000
            16.80000             0.00000
            16.90000             0.00000
            17.00000             0.00000
            17.10000             0.00000
            17.20000             0.00000
            17.30000             0.00000
            17.40000             0.00000
            17.50000             0.00000
            17.60000             0.00000
            17.70000             0.02656
            17.80000             0.06177
            17.90000             0.02780
            18.00000             0.04509
            18.10000             0.06115
            18.20000             0.04386
            18.30000             0.04324
            18.40000             0.03830
            18.50000             0.04942
            18.60000             0.03830
            18.70000             0.06177
            18.80000             0.07351
            18.90000             0.06671
            19.00000             0.09142
            19.10000             0.07660
            19.20000             0.04880
            19.30000             0.01853
            19.40000             0.01915
            19.50000             0.03274
            19.60000             0.04447
            19.70000             0.06115
            19.80000             0.04077
            19.90000             0.06424
            20.00000             0.01297
            20.10000             0.03150
            20.20000             0.03274
            20.30000             0.04695
            20.40000             0.02656
            20.50000             0.02594
            20.60000             0.06053
            20.70000             0.03830
            20.80000             0.04695
            20.90000             0.08833
            21.00000             0.05930
            21.10000             0.06857
            21.20000             0.06053
            21.30000             0.07042
            21.40000             0.05683
            21.50000             0.04200
            21.60000             0.05065
            21.70000             0.07165
            21.80000             0.09204
            21.90000             0.12478
            22.00000             0.07660
            22.10000             0.07042
            22.20000             0.06053
            22.30000             0.04818
            22.40000             0.04262
            22.50000             0.05127
            22.60000             0.06980
            22.70000             0.07783
            22.80000             0.04262
            22.90000             0.17172
            23.00000             0.04942
            23.10000             0.02224
            23.20000             0.02100
            23.30000             0.02100
            23.40000             0.02100
            23.50000             0.02038
            23.60000             0.02038
            23.70000             0.01853
            23.80000             0.02038
            23.90000             0.02162
            24.00000             0.02162
            24.10000             0.01482
            24.20000             0.01668
            24.30000             0.02471
            24.40000             0.01730
            24.50000             0.01235
            24.60000             0.01915
            24.70000             0.01482
            24.80000             0.01544
            24.90000             0.00494
