     0.00000000    50.60012    50.70162    50.77548    51.64818    52.69532    53.22636    53.76494    54.38134    54.87243    54.95947    60.23950    61.27322
     0.00138225    50.60001    50.70145    50.77559    51.64836    52.69519    53.22706    53.76474    54.38118    54.87225    54.95919    60.23950    61.27325
     0.00276451    50.59970    50.70093    50.77591    51.64887    52.69477    53.22919    53.76415    54.38070    54.87172    54.95833    60.23949    61.27335
     0.00414676    50.59917    50.70006    50.77647    51.64973    52.69408    53.23271    53.76316    54.37990    54.87084    54.95691    60.23947    61.27352
     0.00552901    50.59844    50.69885    50.77731    51.65093    52.69312    53.23763    53.76176    54.37880    54.86960    54.95493    60.23945    61.27375
     0.00691126    50.59749    50.69730    50.77846    51.65247    52.69189    53.24391    53.75995    54.37740    54.86800    54.95240    60.23943    61.27405
     0.00829352    50.59634    50.69540    50.77999    51.65435    52.69040    53.25154    53.75769    54.37571    54.86605    54.94936    60.23939    61.27441
     0.00967577    50.59498    50.69316    50.78198    51.65658    52.68864    53.26048    53.75498    54.37376    54.86374    54.94580    60.23936    61.27484
     0.01105802    50.59340    50.69059    50.78451    51.65914    52.68663    53.27070    53.75180    54.37156    54.86107    54.94176    60.23931    61.27533
     0.01244027    50.59162    50.68769    50.78771    51.66204    52.68437    53.28215    53.74812    54.36914    54.85804    54.93727    60.23927    61.27588
     0.01382253    50.58963    50.68447    50.79168    51.66528    52.68185    53.29480    53.74392    54.36652    54.85465    54.93235    60.23921    61.27649
     0.01520478    50.58742    50.68096    50.79658    51.66885    52.67909    53.30858    53.73918    54.36373    54.85088    54.92704    60.23916    61.27716
     0.01658703    50.58500    50.67715    50.80256    51.67275    52.67608    53.32345    53.73386    54.36079    54.84675    54.92138    60.23910    61.27789
     0.01796929    50.58236    50.67308    50.80979    51.67697    52.67282    53.33935    53.72796    54.35774    54.84223    54.91540    60.23903    61.27867
     0.01935154    50.57950    50.66877    50.81843    51.68151    52.66932    53.35621    53.72145    54.35460    54.83734    54.90915    60.23896    61.27950
     0.02073379    50.57642    50.66423    50.82867    51.68635    52.66558    53.37395    53.71432    54.35141    54.83204    54.90267    60.23889    61.28038
     0.02211604    50.57315    50.65950    50.84066    51.69150    52.66158    53.39248    53.70658    54.34820    54.82635    54.89600    60.23882    61.28131
     0.02349830    50.56975    50.65461    50.85454    51.69695    52.65733    53.41170    53.69824    54.34499    54.82025    54.88920    60.23874    61.28229
     0.02488055    50.56659    50.64958    50.87042    51.70267    52.65283    53.43148    53.68936    54.34183    54.81373    54.88231    60.23866    61.28330
     0.02626280    50.56528    50.64444    50.88840    51.70866    52.64808    53.45162    53.68005    54.33872    54.80678    54.87538    60.23858    61.28435
     0.02764505    50.56577    50.63922    50.90853    51.71490    52.64305    53.47185    53.67049    54.33571    54.79940    54.86844    60.23850    61.28544
     0.02902731    50.56624    50.63394    50.93082    51.72138    52.63777    53.49172    53.66107    54.33281    54.79158    54.86155    60.23841    61.28656
     0.03040956    50.56627    50.62863    50.95527    51.72808    52.63220    53.51046    53.65250    54.33004    54.78333    54.85473    60.23833    61.28770
     0.03179181    50.56582    50.62332    50.98184    51.73499    52.62636    53.52662    53.64615    54.32741    54.77465    54.84802    60.23824    61.28887
     0.03317407    50.56491    50.61800    51.01047    51.74207    52.62024    53.53783    53.64435    54.32495    54.76554    54.84145    60.23816    61.29005
     0.03455632    50.56358    50.61269    51.04108    51.74930    52.61382    53.54155    53.64958    54.32265    54.75602    54.83503    60.23808    61.29125
     0.03593857    50.56186    50.60741    51.07354    51.75667    52.60710    53.53743    53.66217    54.32052    54.74610    54.82879    60.23799    61.29246
     0.03732082    50.55981    50.60216    51.10775    51.76414    52.60008    53.52745    53.68009    54.31856    54.73579    54.82274    60.23791    61.29367
     0.03870308    50.55747    50.59695    51.14356    51.77168    52.59275    53.51375    53.70119    54.31677    54.72512    54.81690    60.23783    61.29487
     0.04008533    50.55485    50.59178    51.18080    51.77927    52.58510    53.49769    53.72412    54.31515    54.71410    54.81127    60.23776    61.29608
     0.04146758    50.55200    50.58667    51.21932    51.78688    52.57711    53.48001    53.74812    54.31368    54.70275    54.80587    60.23768    61.29727
     0.04284983    50.54892    50.58162    51.25893    51.79447    52.56879    53.46117    53.77274    54.31235    54.69109    54.80071    60.23761    61.29844
     0.04423209    50.54563    50.57667    51.29943    51.80200    52.56013    53.44147    53.79770    54.31115    54.67914    54.79579    60.23754    61.29960
     0.04561434    50.54212    50.57184    51.34061    51.80944    52.55110    53.42115    53.82282    54.31006    54.66694    54.79111    60.23747    61.30072
     0.04699659    50.53840    50.56714    51.38227    51.81676    52.54172    53.40041    53.84793    54.30907    54.65451    54.78670    60.23740    61.30182
     0.04837885    50.53445    50.56262    51.42418    51.82391    52.53197    53.37941    53.87292    54.30815    54.64189    54.78254    60.23734    61.30287
     0.04976110    50.53029    50.55831    51.46609    51.83086    52.52184    53.35836    53.89766    54.30727    54.62913    54.77865    60.23729    61.30389
     0.05114335    50.52592    50.55421    51.50777    51.83756    52.51135    53.33742    53.92204    54.30643    54.61626    54.77502    60.23723    61.30486
     0.05252560    50.52135    50.55036    51.54894    51.84398    52.50050    53.31680    53.94595    54.30558    54.60337    54.77167    60.23718    61.30577
     0.05390786    50.51661    50.54676    51.58932    51.85007    52.48933    53.29670    53.96927    54.30471    54.59052    54.76858    60.23713    61.30663
     0.05529011    50.51175    50.54341    51.62861    51.85580    52.47788    53.27732    53.99188    54.30378    54.57781    54.76577    60.23709    61.30744
     0.05667236    50.50682    50.54033    51.66647    51.86112    52.46623    53.25888    54.01361    54.30277    54.56536    54.76324    60.23705    61.30817
     0.05805461    50.50187    50.53751    51.70251    51.86600    52.45451    53.24160    54.03431    54.30166    54.55332    54.76097    60.23702    61.30885
     0.05943687    50.49698    50.53496    51.73632    51.87041    52.44287    53.22569    54.05377    54.30043    54.54186    54.75898    60.23699    61.30945
     0.06081912    50.49223    50.53270    51.76742    51.87430    52.43155    53.21139    54.07175    54.29908    54.53118    54.75725    60.23696    61.30997
     0.06220137    50.48773    50.53074    51.79528    51.87765    52.42087    53.19888    54.08796    54.29762    54.52150    54.75579    60.23694    61.31042
     0.06358363    50.48360    50.52909    51.81931    51.88043    52.41119    53.18836    54.10208    54.29612    54.51308    54.75461    60.23692    61.31079
     0.06496588    50.48001    50.52778    51.83890    51.88262    52.40296    53.18000    54.11370    54.29469    54.50618    54.75368    60.23691    61.31108
     0.06634813    50.47717    50.52683    51.85344    51.88419    52.39664    53.17392    54.12242    54.29348    54.50104    54.75302    60.23690    61.31129
     0.06773038    50.47531    50.52625    51.86241    51.88514    52.39265    53.17024    54.12785    54.29266    54.49787    54.75263    60.23689    61.31142
     0.06911264    50.47467    50.52605    51.86545    51.88546    52.39129    53.16900    54.12969    54.29236    54.49679    54.75250    60.23689    61.31146
     0.06911264    50.47467    50.52605    51.86545    51.88546    52.39129    53.16900    54.12969    54.29236    54.49679    54.75250    60.23689    61.31146
     0.07133214    50.47474    50.52670    51.85900    51.88546    52.39040    53.17190    54.12812    54.29163    54.49837    54.75321    60.23683    61.31132
     0.07355165    50.47498    50.52857    51.84117    51.88407    52.38786    53.18037    54.12361    54.28934    54.50306    54.75531    60.23666    61.31091
     0.07577115    50.47540    50.53143    51.81330    51.88031    52.38396    53.19371    54.11675    54.28521    54.51070    54.75875    60.23637    61.31023
     0.07799066    50.47601    50.53501    51.77603    51.87409    52.37913    53.21094    54.10830    54.27900    54.52102    54.76346    60.23598    61.30928
     0.08021016    50.47680    50.53907    51.73012    51.86535    52.37382    53.23088    54.09912    54.27057    54.53364    54.76931    60.23548    61.30808
     0.08242967    50.47774    50.54341    51.67650    51.85393    52.36848    53.25231    54.08999    54.25997    54.54810    54.77622    60.23488    61.30662
     0.08464917    50.47883    50.54787    51.61617    51.83963    52.36350    53.27407    54.08160    54.24738    54.56393    54.78407    60.23418    61.30493
     0.08686868    50.48003    50.55235    51.55017    51.82224    52.35920    53.29513    54.07452    54.23310    54.58069    54.79278    60.23340    61.30300
     0.08908818    50.48134    50.55676    51.47953    51.80156    52.35585    53.31458    54.06907    54.21757    54.59800    54.80225    60.23253    61.30086
     0.09130769    50.48276    50.56104    51.40526    51.77745    52.35365    53.33173    54.06530    54.20141    54.61551    54.81242    60.23159    61.29852
     0.09352719    50.48431    50.56515    51.32839    51.74986    52.35270    53.34609    54.06275    54.18554    54.63297    54.82324    60.23059    61.29599
     0.09574670    50.48603    50.56902    51.24997    51.71880    52.35305    53.35737    54.06023    54.17147    54.65014    54.83465    60.22954    61.29330
     0.09796620    50.48799    50.57262    51.17108    51.68437    52.35468    53.36553    54.05565    54.16143    54.66686    54.84662    60.22844    61.29046
     0.10018571    50.49027    50.57585    51.09292    51.64676    52.35751    53.37069    54.04662    54.15775    54.68298    54.85909    60.22731    61.28748
     0.10240521    50.49297    50.57861    51.01677    51.60620    52.36144    53.37312    54.03219    54.16123    54.69843    54.87203    60.22616    61.28439
     0.10462471    50.49611    50.58069    50.94407    51.56300    52.36629    53.37322    54.01326    54.17071    54.71313    54.88536    60.22499    61.28121
     0.10684422    50.49960    50.58179    50.87647    51.51750    52.37192    53.37141    53.99129    54.18446    54.72705    54.89902    60.22382    61.27795
     0.10906372    50.50320    50.58138    50.81590    51.47008    52.37814    53.36813    53.96741    54.20106    54.74019    54.91295    60.22265    61.27464
     0.11128323    50.50653    50.57876    50.76464    51.42114    52.38478    53.36380    53.94238    54.21950    54.75256    54.92706    60.22150    61.27129
     0.11350273    50.50905    50.57329    50.72502    51.37110    52.39166    53.35880    53.91672    54.23906    54.76417    54.94127    60.22038    61.26791
     0.11572224    50.51004    50.56556    50.69827    51.32038    52.39861    53.35345    53.89080    54.25923    54.77504    54.95549    60.21928    61.26454
     0.11794174    50.50877    50.55817    50.68298    51.26943    52.40550    53.34801    53.86493    54.27961    54.78522    54.96965    60.21823    61.26118
     0.12016125    50.50525    50.55368    50.67582    51.21867    52.41218    53.34267    53.83938    54.29989    54.79472    54.98367    60.21723    61.25786
     0.12238075    50.50049    50.55222    50.67364    51.16853    52.41854    53.33756    53.81442    54.31987    54.80356    54.99747    60.21628    61.25457
     0.12460026    50.49551    50.55264    50.67444    51.11939    52.42449    53.33275    53.79028    54.33937    54.81178    55.01098    60.21540    61.25135
     0.12681976    50.49069    50.55395    50.67701    51.07165    52.42996    53.32821    53.76725    54.35826    54.81937    55.02414    60.21457    61.24820
     0.12903927    50.48605    50.55562    50.68070    51.02564    52.43489    53.32388    53.74559    54.37647    54.82636    55.03687    60.21382    61.24513
     0.13125877    50.48149    50.55735    50.68504    50.98171    52.43926    53.31961    53.72558    54.39394    54.83275    55.04912    60.21314    61.24215
     0.13347828    50.47693    50.55899    50.68974    50.94015    52.44306    53.31521    53.70751    54.41065    54.83853    55.06084    60.21253    61.23928
     0.13569778    50.47231    50.56046    50.69451    50.90128    52.44630    53.31046    53.69167    54.42657    54.84372    55.07196    60.21200    61.23651
     0.13791729    50.46761    50.56168    50.69903    50.86546    52.44900    53.30511    53.67832    54.44173    54.84831    55.08244    60.21154    61.23386
     0.14013679    50.46285    50.56260    50.70283    50.83319    52.45119    53.29893    53.66768    54.45615    54.85230    55.09223    60.21116    61.23133
     0.14235630    50.45809    50.56314    50.70510    50.80533    52.45290    53.29174    53.65987    54.46984    54.85568    55.10127    60.21086    61.22892
     0.14457580    50.45346    50.56324    50.70434    50.78342    52.45416    53.28343    53.65495    54.48286    54.85846    55.10954    60.21063    61.22664
     0.14679531    50.44913    50.56277    50.69865    50.76941    52.45502    53.27399    53.65285    54.49524    54.86064    55.11697    60.21047    61.22449
     0.14901481    50.44532    50.56162    50.68790    50.76351    52.45548    53.26347    53.65343    54.50702    54.86222    55.12355    60.21039    61.22248
     0.15123432    50.44226    50.55964    50.67472    50.76316    52.45558    53.25200    53.65645    54.51825    54.86321    55.12922    60.21037    61.22059
     0.15345382    50.44010    50.55672    50.66182    50.76571    52.45533    53.23974    53.66164    54.52898    54.86362    55.13396    60.21041    61.21884
     0.15567333    50.43881    50.55284    50.65063    50.76970    52.45472    53.22687    53.66870    54.53923    54.86346    55.13774    60.21052    61.21723
     0.15789283    50.43819    50.54812    50.64168    50.77445    52.45375    53.21357    53.67736    54.54904    54.86275    55.14053    60.21069    61.21575
     0.16011234    50.43794    50.54285    50.63493    50.77961    52.45242    53.19998    53.68733    54.55844    54.86152    55.14232    60.21091    61.21440
     0.16233184    50.43783    50.53746    50.63013    50.78504    52.45071    53.18623    53.69837    54.56743    54.85981    55.14310    60.21119    61.21319
     0.16455135    50.43764    50.53235    50.62688    50.79064    52.44862    53.17240    53.71028    54.57601    54.85766    55.14284    60.21151    61.21210
     0.16677085    50.43731    50.52784    50.62485    50.79638    52.44613    53.15855    53.72287    54.58417    54.85511    55.14154    60.21188    61.21116
     0.16899036    50.43684    50.52413    50.62378    50.80224    52.44325    53.14469    53.73601    54.59186    54.85225    55.13921    60.21229    61.21034
     0.17120986    50.43635    50.52129    50.62347    50.80823    52.43998    53.13082    53.74956    54.59902    54.84916    55.13585    60.21273    61.20965
     0.17342937    50.43601    50.51930    50.62384    50.81436    52.43631    53.11689    53.76345    54.60556    54.84595    55.13147    60.21321    61.20909
     0.17564887    50.43606    50.51810    50.62484    50.82065    52.43228    53.10285    53.77759    54.61137    54.84275    55.12609    60.21372    61.20866
     0.17786838    50.43672    50.51759    50.62650    50.82712    52.42789    53.08861    53.79195    54.61628    54.83970    55.11973    60.21425    61.20836
     0.18008788    50.43823    50.51767    50.62889    50.83382    52.42318    53.07408    53.80647    54.62014    54.83700    55.11244    60.21480    61.20819
     0.18008788    50.43823    50.51767    50.62889    50.83382    52.42318    53.07408    53.80647    54.62014    54.83700    55.11244    60.21480    61.20819
     0.18147013    50.43890    50.51845    50.63115    50.83322    52.42226    53.06794    53.79404    54.62486    54.84264    55.11250    60.21500    61.20836
     0.18285239    50.43975    50.51916    50.63347    50.83271    52.42004    53.06271    53.78094    54.62951    54.84805    55.11205    60.21517    61.20856
     0.18423464    50.44077    50.51979    50.63588    50.83229    52.41651    53.05842    53.76719    54.63408    54.85319    55.11110    60.21530    61.20877
     0.18561689    50.44195    50.52033    50.63839    50.83200    52.41168    53.05509    53.75279    54.63858    54.85805    55.10967    60.21541    61.20900
     0.18699914    50.44326    50.52079    50.64101    50.83185    52.40556    53.05275    53.73777    54.64299    54.86259    55.10776    60.21548    61.20925
     0.18838140    50.44469    50.52115    50.64377    50.83186    52.39815    53.05141    53.72212    54.64731    54.86681    55.10540    60.21552    61.20952
     0.18976365    50.44619    50.52143    50.64669    50.83203    52.38943    53.05111    53.70587    54.65155    54.87069    55.10259    60.21552    61.20980
     0.19114590    50.44775    50.52162    50.64977    50.83240    52.37943    53.05185    53.68900    54.65567    54.87422    55.09935    60.21549    61.21009
     0.19252816    50.44931    50.52175    50.65303    50.83296    52.36812    53.05365    53.67153    54.65969    54.87740    55.09572    60.21543    61.21040
     0.19391041    50.45083    50.52180    50.65649    50.83373    52.35551    53.05654    53.65347    54.66358    54.88022    55.09171    60.21533    61.21072
     0.19529266    50.45227    50.52182    50.66016    50.83473    52.34160    53.06051    53.63482    54.66734    54.88268    55.08735    60.21520    61.21105
     0.19667491    50.45356    50.52181    50.66405    50.83596    52.32638    53.06559    53.61559    54.67095    54.88477    55.08266    60.21504    61.21140
     0.19805717    50.45466    50.52179    50.66815    50.83743    52.30985    53.07176    53.59580    54.67440    54.88649    55.07769    60.21484    61.21175
     0.19943942    50.45552    50.52180    50.67247    50.83915    52.29202    53.07902    53.57546    54.67766    54.88786    55.07246    60.21461    61.21212
     0.20082167    50.45610    50.52184    50.67698    50.84113    52.27288    53.08738    53.55460    54.68073    54.88885    55.06701    60.21435    61.21249
     0.20220392    50.45635    50.52194    50.68168    50.84337    52.25244    53.09682    53.53324    54.68356    54.88949    55.06138    60.21406    61.21287
     0.20358618    50.45626    50.52211    50.68651    50.84590    52.23070    53.10732    53.51142    54.68615    54.88978    55.05560    60.21374    61.21326
     0.20496843    50.45580    50.52235    50.69144    50.84871    52.20768    53.11884    53.48918    54.68845    54.88971    55.04973    60.21338    61.21366
     0.20635068    50.45498    50.52268    50.69641    50.85184    52.18340    53.13134    53.46658    54.69044    54.88930    55.04379    60.21300    61.21406
     0.20773294    50.45383    50.52308    50.70134    50.85529    52.15786    53.14477    53.44371    54.69208    54.88856    55.03785    60.21259    61.21446
     0.20911519    50.45235    50.52355    50.70615    50.85909    52.13109    53.15904    53.42068    54.69334    54.88750    55.03192    60.21216    61.21487
     0.21049744    50.45059    50.52409    50.71075    50.86326    52.10313    53.17400    53.39763    54.69417    54.88614    55.02607    60.21169    61.21527
     0.21187969    50.44859    50.52469    50.71503    50.86780    52.07400    53.18943    53.37485    54.69452    54.88450    55.02031    60.21121    61.21568
     0.21326195    50.44638    50.52536    50.71891    50.87272    52.04374    53.20487    53.35281    54.69436    54.88262    55.01468    60.21070    61.21609
     0.21464420    50.44402    50.52609    50.72228    50.87801    52.01241    53.21932    53.33254    54.69363    54.88053    55.00921    60.21018    61.21649
     0.21602645    50.44155    50.52689    50.72505    50.88364    51.98006    53.23033    53.31654    54.69229    54.87827    55.00392    60.20963    61.21689
     0.21740870    50.43900    50.52777    50.72717    50.88956    51.94676    53.23286    53.30991    54.69030    54.87589    54.99880    60.20907    61.21729
     0.21879096    50.43640    50.52874    50.72857    50.89569    51.91257    53.22375    53.31583    54.68762    54.87344    54.99387    60.20850    61.21768
     0.22017321    50.43377    50.52981    50.72922    50.90194    51.87760    53.20714    53.33023    54.68421    54.87097    54.98912    60.20792    61.21806
     0.22155546    50.43112    50.53099    50.72908    50.90818    51.84193    53.18754    53.34868    54.68008    54.86852    54.98454    60.20732    61.21843
     0.22293772    50.42846    50.53230    50.72815    50.91428    51.80568    53.16702    53.36916    54.67520    54.86613    54.98011    60.20672    61.21878
     0.22431997    50.42578    50.53373    50.72641    50.92009    51.76898    53.14650    53.39082    54.66959    54.86383    54.97581    60.20611    61.21913
     0.22570222    50.42310    50.53530    50.72387    50.92544    51.73196    53.12648    53.41323    54.66328    54.86163    54.97162    60.20551    61.21946
     0.22708447    50.42039    50.53701    50.72053    50.93018    51.69478    53.10729    53.43613    54.65630    54.85954    54.96752    60.20490    61.21977
     0.22846673    50.41766    50.53884    50.71639    50.93414    51.65763    53.08919    53.45935    54.64870    54.85758    54.96348    60.20430    61.22006
     0.22984898    50.41491    50.54080    50.71145    50.93715    51.62069    53.07241    53.48273    54.64054    54.85572    54.95949    60.20370    61.22034
     0.23123123    50.41215    50.54288    50.70573    50.93908    51.58417    53.05712    53.50614    54.63191    54.85395    54.95551    60.20311    61.22059
     0.23261348    50.40939    50.54506    50.69923    50.93980    51.54830    53.04352    53.52945    54.62289    54.85225    54.95153    60.20254    61.22082
     0.23399574    50.40665    50.54733    50.69198    50.93919    51.51332    53.03177    53.55254    54.61355    54.85061    54.94754    60.20197    61.22102
     0.23537799    50.40397    50.54966    50.68401    50.93719    51.47949    53.02201    53.57528    54.60400    54.84900    54.94352    60.20143    61.22120
     0.23676024    50.40139    50.55205    50.67539    50.93376    51.44704    53.01439    53.59754    54.59433    54.84740    54.93946    60.20090    61.22135
     0.23814250    50.39895    50.55445    50.66621    50.92894    51.41623    53.00899    53.61919    54.58464    54.84579    54.93534    60.20039    61.22147
     0.23952475    50.39672    50.55684    50.65663    50.92280    51.38730    53.00591    53.64010    54.57506    54.84416    54.93118    60.19991    61.22157
     0.24090700    50.39477    50.55921    50.64689    50.91546    51.36047    53.00521    53.66012    54.56567    54.84247    54.92696    60.19945    61.22163
     0.24228925    50.39315    50.56151    50.63730    50.90712    51.33595    53.00691    53.67912    54.55661    54.84073    54.92270    60.19902    61.22166
     0.24367151    50.39192    50.56372    50.62830    50.89799    51.31394    53.01101    53.69695    54.54797    54.83893    54.91839    60.19862    61.22166
     0.24505376    50.39108    50.56583    50.62039    50.88834    51.29462    53.01750    53.71346    54.53988    54.83704    54.91405    60.19825    61.22163
     0.24643601    50.39058    50.56780    50.61414    50.87844    51.27819    53.02632    53.72852    54.53244    54.83507    54.90970    60.19792    61.22156
     0.24781826    50.39032    50.56966    50.61005    50.86857    51.26486    53.03740    53.74199    54.52576    54.83301    54.90537    60.19762    61.22147
     0.24920052    50.39013    50.57138    50.60843    50.85901    51.25490    53.05063    53.75375    54.51992    54.83086    54.90108    60.19736    61.22134
     0.24920052    50.39013    50.57138    50.60843    50.85901    51.25490    53.05063    53.75375    54.51992    54.83086    54.90108    60.19736    61.22134
     0.25083285    50.39281    50.56887    50.60892    50.86076    51.25882    53.03890    53.74181    54.53072    54.83511    54.90430    60.19745    61.22049
     0.25246519    50.39487    50.56691    50.61140    50.86157    51.26960    53.02986    53.72797    54.54251    54.83851    54.90802    60.19759    61.21964
     0.25409752    50.39638    50.56563    50.61528    50.86121    51.28714    53.02359    53.71247    54.55514    54.84100    54.91222    60.19777    61.21877
     0.25572986    50.39754    50.56480    50.62005    50.85957    51.31109    53.02012    53.69558    54.56844    54.84258    54.91687    60.19798    61.21790
     0.25736219    50.39861    50.56415    50.62519    50.85663    51.34086    53.01943    53.67756    54.58223    54.84330    54.92189    60.19823    61.21701
     0.25899453    50.39976    50.56351    50.63023    50.85247    51.37571    53.02150    53.65870    54.59635    54.84319    54.92723    60.19850    61.21612
     0.26062686    50.40108    50.56279    50.63483    50.84722    51.41479    53.02623    53.63925    54.61064    54.84231    54.93280    60.19879    61.21523
     0.26225920    50.40258    50.56197    50.63875    50.84106    51.45725    53.03351    53.61948    54.62494    54.84073    54.93856    60.19910    61.21432
     0.26389153    50.40424    50.56108    50.64187    50.83417    51.50226    53.04318    53.59965    54.63912    54.83848    54.94445    60.19941    61.21342
     0.26552387    50.40602    50.56015    50.64413    50.82676    51.54910    53.05507    53.58002    54.65304    54.83563    54.95047    60.19974    61.21251
     0.26715620    50.40790    50.55919    50.64554    50.81900    51.59711    53.06896    53.56087    54.66654    54.83222    54.95660    60.20007    61.21159
     0.26878854    50.40983    50.55823    50.64614    50.81107    51.64574    53.08460    53.54245    54.67951    54.82830    54.96283    60.20041    61.21067
     0.27042087    50.41182    50.55729    50.64597    50.80311    51.69450    53.10171    53.52507    54.69177    54.82395    54.96919    60.20073    61.20976
     0.27205321    50.41386    50.55635    50.64513    50.79526    51.74300    53.11996    53.50903    54.70315    54.81927    54.97569    60.20105    61.20884
     0.27368554    50.41598    50.55542    50.64370    50.78764    51.79091    53.13898    53.49468    54.71342    54.81442    54.98235    60.20137    61.20792
     0.27531788    50.41820    50.55446    50.64177    50.78034    51.83796    53.15835    53.48241    54.72226    54.80966    54.98921    60.20166    61.20700
     0.27695021    50.42057    50.55346    50.63945    50.77344    51.88394    53.17756    53.47268    54.72923    54.80536    54.99629    60.20195    61.20608
     0.27858255    50.42312    50.55238    50.63683    50.76699    51.92867    53.19606    53.46598    54.73375    54.80208    55.00361    60.20221    61.20517
     0.28021488    50.42588    50.55122    50.63401    50.76104    51.97203    53.21324    53.46286    54.73524    54.80036    55.01119    60.20245    61.20426
     0.28184722    50.42888    50.54996    50.63106    50.75563    52.01390    53.22853    53.46381    54.73341    54.80048    55.01903    60.20268    61.20335
     0.28347955    50.43211    50.54860    50.62804    50.75078    52.05423    53.24153    53.46914    54.72855    54.80215    55.02714    60.20288    61.20245
     0.28511189    50.43556    50.54719    50.62501    50.74653    52.09296    53.25212    53.47888    54.72125    54.80478    55.03549    60.20306    61.20156
     0.28674422    50.43916    50.54575    50.62198    50.74289    52.13008    53.26055    53.49266    54.71211    54.80782    55.04409    60.20321    61.20067
     0.28837656    50.44286    50.54434    50.61901    50.73988    52.16559    53.26731    53.50988    54.70157    54.81086    55.05288    60.20335    61.19980
     0.29000889    50.44653    50.54303    50.61611    50.73749    52.19950    53.27301    53.52979    54.68993    54.81368    55.06184    60.20345    61.19893
     0.29164123    50.45005    50.54189    50.61336    50.73572    52.23183    53.27821    53.55168    54.67737    54.81614    55.07092    60.20354    61.19808
     0.29327356    50.45325    50.54098    50.61082    50.73453    52.26263    53.28336    53.57494    54.66403    54.81819    55.08008    60.20360    61.19723
     0.29490590    50.45593    50.54041    50.60860    50.73388    52.29194    53.28881    53.59907    54.65003    54.81981    55.08926    60.20365    61.19641
     0.29653823    50.45788    50.54024    50.60678    50.73372    52.31979    53.29475    53.62366    54.63544    54.82100    55.09842    60.20367    61.19560
     0.29817057    50.45892    50.54054    50.60548    50.73399    52.34625    53.30134    53.64841    54.62035    54.82179    55.10750    60.20367    61.19481
     0.29980290    50.45891    50.54136    50.60478    50.73462    52.37134    53.30863    53.67304    54.60484    54.82220    55.11645    60.20366    61.19404
     0.30143524    50.45778    50.54267    50.60474    50.73555    52.39512    53.31662    53.69736    54.58897    54.82227    55.12524    60.20364    61.19330
     0.30306757    50.45556    50.54439    50.60538    50.73670    52.41761    53.32529    53.72118    54.57284    54.82203    55.13380    60.20359    61.19258
     0.30469991    50.45237    50.54642    50.60669    50.73802    52.43883    53.33459    53.74436    54.55653    54.82153    55.14210    60.20354    61.19188
     0.30633224    50.44836    50.54862    50.60861    50.73946    52.45882    53.34442    53.76675    54.54014    54.82080    55.15010    60.20348    61.19122
     0.30796458    50.44372    50.55087    50.61106    50.74097    52.47757    53.35468    53.78826    54.52376    54.81989    55.15776    60.20341    61.19058
     0.30959691    50.43863    50.55310    50.61394    50.74250    52.49510    53.36527    53.80877    54.50752    54.81883    55.16504    60.20334    61.18998
     0.31122925    50.43328    50.55522    50.61714    50.74402    52.51140    53.37604    53.82818    54.49153    54.81766    55.17191    60.20326    61.18941
     0.31286158    50.42782    50.55721    50.62053    50.74549    52.52646    53.38685    53.84642    54.47593    54.81642    55.17834    60.20318    61.18888
     0.31449392    50.42239    50.55904    50.62399    50.74690    52.54027    53.39756    53.86340    54.46086    54.81515    55.18430    60.20310    61.18839
     0.31612625    50.41712    50.56069    50.62742    50.74821    52.55283    53.40799    53.87903    54.44647    54.81387    55.18977    60.20302    61.18794
     0.31775859    50.41212    50.56218    50.63073    50.74941    52.56411    53.41798    53.89326    54.43294    54.81263    55.19473    60.20294    61.18753
     0.31939092    50.40749    50.56348    50.63382    50.75050    52.57411    53.42735    53.90602    54.42043    54.81145    55.19915    60.20287    61.18717
     0.32102326    50.40330    50.56461    50.63664    50.75145    52.58280    53.43592    53.91723    54.40911    54.81037    55.20301    60.20281    61.18685
     0.32265559    50.39963    50.56557    50.63911    50.75226    52.59018    53.44353    53.92684    54.39916    54.80940    55.20631    60.20275    61.18658
     0.32428793    50.39654    50.56635    50.64119    50.75293    52.59623    53.45002    53.93480    54.39075    54.80858    55.20902    60.20271    61.18636
     0.32592026    50.39408    50.56695    50.64285    50.75345    52.60095    53.45522    53.94104    54.38403    54.80791    55.21114    60.20267    61.18618
     0.32755260    50.39229    50.56739    50.64406    50.75382    52.60433    53.45904    53.94553    54.37912    54.80743    55.21267    60.20264    61.18606
     0.32918493    50.39121    50.56765    50.64479    50.75405    52.60635    53.46137    53.94824    54.37614    54.80713    55.21358    60.20262    61.18598
     0.33081727    50.39085    50.56773    50.64503    50.75412    52.60703    53.46215    53.94915    54.37514    54.80703    55.21389    60.20262    61.18595
     0.33081727    50.39085    50.56773    50.64503    50.75412    52.60703    53.46215    53.94915    54.37514    54.80703    55.21389    60.20262    61.18595
     0.33219952    50.39106    50.56761    50.64493    50.75403    52.60627    53.46225    53.94875    54.37541    54.80699    55.21363    60.20261    61.18596
     0.33358177    50.39168    50.56725    50.64463    50.75375    52.60399    53.46257    53.94756    54.37623    54.80685    55.21286    60.20259    61.18599
     0.33496403    50.39271    50.56665    50.64412    50.75329    52.60019    53.46308    53.94556    54.37760    54.80663    55.21157    60.20255    61.18603
     0.33634628    50.39414    50.56581    50.64342    50.75265    52.59490    53.46378    53.94277    54.37951    54.80633    55.20978    60.20249    61.18609
     0.33772853    50.39596    50.56473    50.64252    50.75182    52.58811    53.46464    53.93918    54.38196    54.80595    55.20748    60.20242    61.18617
     0.33911078    50.39817    50.56342    50.64142    50.75082    52.57986    53.46565    53.93479    54.38495    54.80551    55.20469    60.20233    61.18626
     0.34049304    50.40073    50.56189    50.64014    50.74963    52.57016    53.46677    53.92961    54.38848    54.80501    55.20142    60.20223    61.18637
     0.34187529    50.40364    50.56014    50.63866    50.74828    52.55904    53.46796    53.92365    54.39254    54.80447    55.19768    60.20211    61.18650
     0.34325754    50.40687    50.55818    50.63701    50.74676    52.54652    53.46919    53.91693    54.39711    54.80388    55.19348    60.20198    61.18664
     0.34463979    50.41040    50.55602    50.63519    50.74507    52.53263    53.47040    53.90948    54.40218    54.80328    55.18884    60.20184    61.18680
     0.34602205    50.41420    50.55368    50.63319    50.74323    52.51741    53.47153    53.90134    54.40774    54.80266    55.18378    60.20168    61.18697
     0.34740430    50.41823    50.55117    50.63104    50.74124    52.50088    53.47252    53.89256    54.41376    54.80203    55.17831    60.20150    61.18716
     0.34878655    50.42247    50.54852    50.62873    50.73910    52.48308    53.47328    53.88321    54.42022    54.80141    55.17246    60.20132    61.18737
     0.35016881    50.42686    50.54575    50.62628    50.73683    52.46403    53.47373    53.87338    54.42709    54.80080    55.16625    60.20112    61.18758
     0.35155106    50.43135    50.54292    50.62371    50.73444    52.44377    53.47377    53.86317    54.43435    54.80021    55.15972    60.20091    61.18781
     0.35293331    50.43588    50.54007    50.62102    50.73193    52.42233    53.47327    53.85273    54.44194    54.79964    55.15288    60.20069    61.18805
     0.35431556    50.44037    50.53727    50.61822    50.72933    52.39974    53.47211    53.84218    54.44984    54.79908    55.14576    60.20046    61.18831
     0.35569782    50.44471    50.53460    50.61535    50.72665    52.37602    53.47014    53.83172    54.45801    54.79855    55.13841    60.20022    61.18857
     0.35708007    50.44878    50.53219    50.61241    50.72391    52.35122    53.46720    53.82151    54.46640    54.79804    55.13085    60.19997    61.18885
     0.35846232    50.45242    50.53018    50.60945    50.72113    52.32535    53.46315    53.81177    54.47496    54.79755    55.12313    60.19971    61.18913
     0.35984457    50.45544    50.52873    50.60649    50.71835    52.29844    53.45782    53.80268    54.48364    54.79707    55.11527    60.19945    61.18942
     0.36122683    50.45766    50.52800    50.60359    50.71560    52.27053    53.45108    53.79445    54.49241    54.79659    55.10732    60.19918    61.18972
     0.36260908    50.45891    50.52809    50.60082    50.71293    52.24163    53.44283    53.78722    54.50120    54.79612    55.09933    60.19891    61.19003
     0.36399133    50.45914    50.52901    50.59826    50.71040    52.21178    53.43300    53.78114    54.50995    54.79564    55.09132    60.19863    61.19034
     0.36537359    50.45838    50.53060    50.59604    50.70808    52.18099    53.42158    53.77628    54.51863    54.79515    55.08336    60.19835    61.19065
     0.36675584    50.45677    50.53259    50.59432    50.70609    52.14930    53.40862    53.77268    54.52717    54.79465    55.07548    60.19807    61.19097
     0.36813809    50.45451    50.53456    50.59328    50.70454    52.11673    53.39419    53.77031    54.53550    54.79414    55.06772    60.19779    61.19129
     0.36952034    50.45183    50.53612    50.59310    50.70362    52.08331    53.37846    53.76912    54.54359    54.79362    55.06014    60.19751    61.19161
     0.37090260    50.44893    50.53690    50.59385    50.70355    52.04906    53.36157    53.76902    54.55136    54.79309    55.05276    60.19724    61.19192
     0.37228485    50.44601    50.53671    50.59543    50.70462    52.01401    53.34374    53.76990    54.55877    54.79258    55.04563    60.19697    61.19224
     0.37366710    50.44322    50.53553    50.59756    50.70715    51.97819    53.32517    53.77165    54.56575    54.79209    55.03879    60.19670    61.19255
     0.37504935    50.44072    50.53348    50.59980    50.71150    51.94164    53.30607    53.77414    54.57225    54.79164    55.03225    60.19644    61.19286
     0.37643161    50.43859    50.53073    50.60174    50.71800    51.90439    53.28665    53.77724    54.57823    54.79126    55.02607    60.19618    61.19315
     0.37781386    50.43690    50.52746    50.60305    50.72689    51.86647    53.26712    53.78084    54.58365    54.79096    55.02024    60.19594    61.19345
     0.37919611    50.43565    50.52380    50.60358    50.73828    51.82794    53.24767    53.78483    54.58846    54.79078    55.01479    60.19570    61.19373
     0.38057837    50.43482    50.51988    50.60333    50.75218    51.78884    53.22850    53.78910    54.59266    54.79073    55.00973    60.19547    61.19400
     0.38196062    50.43433    50.51580    50.60237    50.76852    51.74923    53.20978    53.79355    54.59624    54.79084    55.00506    60.19526    61.19426
     0.38334287    50.43410    50.51166    50.60085    50.78721    51.70917    53.19170    53.79809    54.59920    54.79110    55.00079    60.19506    61.19450
     0.38472512    50.43401    50.50754    50.59889    50.80813    51.66876    53.17441    53.80262    54.60157    54.79151    54.99691    60.19487    61.19473
     0.38610738    50.43394    50.50354    50.59664    50.83114    51.62808    53.15808    53.80707    54.60340    54.79206    54.99341    60.19469    61.19494
     0.38748963    50.43376    50.49977    50.59421    50.85612    51.58725    53.14283    53.81136    54.60473    54.79273    54.99028    60.19453    61.19514
     0.38887188    50.43336    50.49632    50.59171    50.88287    51.54645    53.12882    53.81541    54.60563    54.79349    54.98752    60.19438    61.19532
     0.39025413    50.43264    50.49330    50.58925    50.91118    51.50587    53.11615    53.81916    54.60619    54.79429    54.98512    60.19425    61.19548
     0.39163639    50.43157    50.49075    50.58691    50.94073    51.46580    53.10494    53.82254    54.60647    54.79510    54.98306    60.19414    61.19562
     0.39301864    50.43018    50.48873    50.58476    50.97104    51.42668    53.09528    53.82550    54.60656    54.79587    54.98133    60.19404    61.19574
     0.39440089    50.42856    50.48721    50.58289    51.00140    51.38919    53.08727    53.82799    54.60652    54.79657    54.97993    60.19396    61.19584
     0.39578315    50.42691    50.48615    50.58136    51.03062    51.35449    53.08096    53.82997    54.60642    54.79716    54.97885    60.19390    61.19592
     0.39716540    50.42547    50.48546    50.58022    51.05656    51.32465    53.07641    53.83141    54.60630    54.79760    54.97808    60.19385    61.19598
     0.39854765    50.42448    50.48509    50.57952    51.07560    51.30329    53.07367    53.83229    54.60622    54.79787    54.97762    60.19383    61.19601
     0.39992990    50.42412    50.48497    50.57928    51.08284    51.29528    53.07275    53.83258    54.60619    54.79796    54.97746    60.19382    61.19602
     0.39992990    50.42412    50.48497    50.57928    51.08284    51.29528    53.07275    53.83258    54.60619    54.79796    54.97746    60.19382    61.19602
     0.40197253    50.42380    50.48679    50.57999    51.07611    51.30367    53.07386    53.83284    54.60607    54.79730    54.97752    60.19387    61.19614
     0.40401515    50.42318    50.49192    50.58222    51.05865    51.32613    53.07718    53.83365    54.60568    54.79533    54.97769    60.19401    61.19650
     0.40605777    50.42298    50.49953    50.58627    51.03550    51.35770    53.08263    53.83501    54.60498    54.79215    54.97795    60.19426    61.19710
     0.40810039    50.42388    50.50860    50.59267    51.01049    51.39466    53.09014    53.83695    54.60388    54.78788    54.97825    60.19459    61.19793
     0.41014302    50.42625    50.51802    50.60210    50.98600    51.43487    53.09958    53.83950    54.60223    54.78271    54.97857    60.19502    61.19898
     0.41218564    50.43009    50.52673    50.61508    50.96361    51.47710    53.11077    53.84271    54.59988    54.77687    54.97886    60.19554    61.20024
     0.41422826    50.43508    50.53408    50.63147    50.94457    51.52061    53.12351    53.84662    54.59659    54.77064    54.97908    60.19615    61.20170
     0.41627088    50.44073    50.53991    50.65011    50.93015    51.56497    53.13758    53.85130    54.59211    54.76435    54.97919    60.19684    61.20336
     0.41831351    50.44659    50.54444    50.66907    50.92177    51.60988    53.15273    53.85679    54.58615    54.75834    54.97917    60.19761    61.20519
     0.42035613    50.45228    50.54798    50.68601    50.92089    51.65516    53.16866    53.86315    54.57846    54.75293    54.97900    60.19846    61.20718
     0.42239875    50.45757    50.55080    50.69900    50.92855    51.70068    53.18510    53.87043    54.56880    54.74841    54.97866    60.19937    61.20931
     0.42444137    50.46230    50.55310    50.70730    50.94463    51.74637    53.20176    53.87866    54.55705    54.74497    54.97815    60.20035    61.21156
     0.42648400    50.46639    50.55507    50.71156    50.96768    51.79216    53.21834    53.88785    54.54319    54.74271    54.97748    60.20139    61.21393
     0.42852662    50.46983    50.55685    50.71311    50.99565    51.83802    53.23458    53.89799    54.52729    54.74163    54.97663    60.20248    61.21638
     0.43056924    50.47266    50.55859    50.71324    51.02660    51.88388    53.25025    53.90902    54.50954    54.74164    54.97564    60.20363    61.21891
     0.43261187    50.47498    50.56041    50.71286    51.05905    51.92970    53.26514    53.92083    54.49015    54.74265    54.97451    60.20482    61.22149
     0.43465449    50.47696    50.56240    50.71252    51.09195    51.97538    53.27910    53.93328    54.46939    54.74452    54.97326    60.20605    61.22410
     0.43669711    50.47883    50.56463    50.71250    51.12458    52.02083    53.29200    53.94615    54.44756    54.74714    54.97190    60.20731    61.22674
     0.43873973    50.48088    50.56710    50.71293    51.15648    52.06592    53.30379    53.95914    54.42500    54.75038    54.97047    60.20861    61.22938
     0.44078236    50.48342    50.56983    50.71383    51.18735    52.11051    53.31444    53.97188    54.40210    54.75418    54.96897    60.20993    61.23201
     0.44282498    50.48672    50.57280    50.71518    51.21703    52.15443    53.32396    53.98391    54.37931    54.75843    54.96744    60.21128    61.23462
     0.44486760    50.49097    50.57596    50.71692    51.24542    52.19749    53.33239    53.99465    54.35718    54.76308    54.96588    60.21264    61.23719
     0.44691022    50.49627    50.57931    50.71898    51.27250    52.23951    53.33978    54.00342    54.33639    54.76809    54.96432    60.21402    61.23971
     0.44895285    50.50256    50.58281    50.72132    51.29830    52.28030    53.34620    54.00942    54.31770    54.77340    54.96276    60.21540    61.24217
     0.45099547    50.50969    50.58647    50.72386    51.32285    52.31965    53.35171    54.01182    54.30195    54.77898    54.96123    60.21679    61.24456
     0.45303809    50.51746    50.59029    50.72655    51.34622    52.35739    53.35637    54.00995    54.28986    54.78479    54.95974    60.21818    61.24688
     0.45508071    50.52561    50.59430    50.72935    51.36849    52.39334    53.36020    54.00343    54.28188    54.79082    54.95828    60.21956    61.24911
     0.45712334    50.53390    50.59856    50.73221    51.38974    52.42734    53.36322    53.99244    54.27793    54.79703    54.95688    60.22093    61.25125
     0.45916596    50.54208    50.60312    50.73509    51.41003    52.45927    53.36541    53.97764    54.27753    54.80339    54.95553    60.22229    61.25329
     0.46120858    50.54990    50.60808    50.73796    51.42945    52.48901    53.36670    53.95996    54.27994    54.80984    54.95424    60.22363    61.25524
     0.46325120    50.55717    50.61349    50.74080    51.44805    52.51649    53.36702    53.94044    54.28437    54.81635    54.95302    60.22495    61.25708
     0.46529383    50.56373    50.61941    50.74359    51.46589    52.54167    53.36623    53.92003    54.29015    54.82286    54.95188    60.22624    61.25882
     0.46733645    50.56950    50.62581    50.74630    51.48300    52.56454    53.36421    53.89955    54.29677    54.82929    54.95084    60.22750    61.26046
     0.46937907    50.57446    50.63260    50.74893    51.49943    52.58511    53.36083    53.87969    54.30384    54.83556    54.94993    60.22872    61.26199
     0.47142169    50.57869    50.63966    50.75146    51.51519    52.60345    53.35596    53.86098    54.31110    54.84159    54.94916    60.22990    61.26341
     0.47346432    50.58226    50.64683    50.75391    51.53028    52.61962    53.34956    53.84384    54.31837    54.84726    54.94860    60.23104    61.26473
     0.47550694    50.58529    50.65392    50.75626    51.54470    52.63374    53.34162    53.82854    54.32553    54.85250    54.94826    60.23211    61.26595
     0.47754956    50.58785    50.66081    50.75851    51.55842    52.64594    53.33226    53.81523    54.33250    54.85719    54.94821    60.23314    61.26706
     0.47959218    50.59005    50.66734    50.76068    51.57142    52.65634    53.32167    53.80393    54.33922    54.86125    54.94846    60.23410    61.26808
     0.48163481    50.59193    50.67343    50.76277    51.58364    52.66510    53.31014    53.79456    54.34564    54.86464    54.94905    60.23499    61.26900
     0.48367743    50.59355    50.67899    50.76476    51.59503    52.67238    53.29804    53.78696    54.35171    54.86734    54.94994    60.23582    61.26982
     0.48572005    50.59495    50.68395    50.76667    51.60552    52.67833    53.28578    53.78091    54.35738    54.86936    54.95111    60.23657    61.27054
     0.48776267    50.59616    50.68829    50.76847    51.61504    52.68311    53.27377    53.77620    54.36259    54.87079    54.95246    60.23724    61.27118
     0.48980530    50.59720    50.69198    50.77014    51.62350    52.68688    53.26243    53.77260    54.36729    54.87170    54.95392    60.23783    61.27173
     0.49184792    50.59808    50.69503    50.77165    51.63084    52.68979    53.25215    53.76990    54.37141    54.87222    54.95538    60.23833    61.27219
     0.49389054    50.59880    50.69747    50.77296    51.63698    52.69196    53.24325    53.76793    54.37489    54.87246    54.95672    60.23875    61.27256
     0.49593316    50.59937    50.69932    50.77403    51.64183    52.69351    53.23603    53.76654    54.37767    54.87252    54.95787    60.23908    61.27285
     0.49797579    50.59978    50.70061    50.77482    51.64534    52.69454    53.23071    53.76562    54.37970    54.87249    54.95874    60.23931    61.27306
     0.50001841    50.60003    50.70137    50.77532    51.64747    52.69513    53.22745    53.76511    54.38093    54.87245    54.95929    60.23945    61.27318
     0.50206103    50.60012    50.70162    50.77548    51.64818    52.69532    53.22636    53.76494    54.38134    54.87243    54.95947    60.23950    61.27322
