1.000000000000000000e+01,-4.632943351534702288e+02
2.000000000000000000e+01,-4.632947685263334279e+02
3.000000000000000000e+01,-4.632954844417986919e+02
4.000000000000000000e+01,-4.632965000805607474e+02
5.000000000000000000e+01,-4.632978212659741644e+02
6.000000000000000000e+01,-4.632994390922731895e+02
7.000000000000000000e+01,-4.633013366107120419e+02
8.000000000000000000e+01,-4.633034942635199513e+02
9.000000000000000000e+01,-4.633058926772093287e+02
1.000000000000000000e+02,-4.633085138311532774e+02
1.100000000000000000e+02,-4.633113414268461838e+02
1.200000000000000000e+02,-4.633143609012951742e+02
1.300000000000000000e+02,-4.633175592974528740e+02
1.400000000000000000e+02,-4.633209250889758550e+02
1.500000000000000000e+02,-4.633244480017833098e+02
1.600000000000000000e+02,-4.633281188494881917e+02
1.700000000000000000e+02,-4.633319293882266834e+02
1.800000000000000000e+02,-4.633358721913401155e+02
1.900000000000000000e+02,-4.633399405423121493e+02
2.000000000000000000e+02,-4.633441283436932849e+02
2.100000000000000000e+02,-4.633484300396855815e+02
2.200000000000000000e+02,-4.633528405502570422e+02
2.300000000000000000e+02,-4.633573552149289867e+02
2.400000000000000000e+02,-4.633619697446630994e+02
2.500000000000000000e+02,-4.633666801805315458e+02
2.600000000000000000e+02,-4.633714828580807534e+02
2.700000000000000000e+02,-4.633763743764823175e+02
2.800000000000000000e+02,-4.633813515717260998e+02
2.900000000000000000e+02,-4.633864114932362668e+02
