1.000000000000000000e+01,-4.633043136719886661e+02
2.000000000000000000e+01,-4.633045444400713109e+02
3.000000000000000000e+01,-4.633049571414976526e+02
4.000000000000000000e+01,-4.633055414256194240e+02
5.000000000000000000e+01,-4.633062733438359260e+02
6.000000000000000000e+01,-4.633071315043027312e+02
7.000000000000000000e+01,-4.633080988694803750e+02
8.000000000000000000e+01,-4.633091620403326374e+02
9.000000000000000000e+01,-4.633103103894447372e+02
1.000000000000000000e+02,-4.633115354088583899e+02
1.100000000000000000e+02,-4.633128302690735723e+02
1.200000000000000000e+02,-4.633141895260114893e+02
1.300000000000000000e+02,-4.633156089164916125e+02
1.400000000000000000e+02,-4.633170851999534534e+02
1.500000000000000000e+02,-4.633186160214904703e+02
1.600000000000000000e+02,-4.633201997843987101e+02
1.700000000000000000e+02,-4.633218355286373367e+02
1.800000000000000000e+02,-4.633235228157477081e+02
1.900000000000000000e+02,-4.633252616222428628e+02
2.000000000000000000e+02,-4.633270522434454506e+02
2.100000000000000000e+02,-4.633288952090724138e+02
2.200000000000000000e+02,-4.633307912110405482e+02
2.300000000000000000e+02,-4.633327410432373199e+02
2.400000000000000000e+02,-4.633347455524772158e+02
2.500000000000000000e+02,-4.633368055995325108e+02
2.600000000000000000e+02,-4.633389220289709556e+02
2.700000000000000000e+02,-4.633410956465054937e+02
2.800000000000000000e+02,-4.633433272026101690e+02
2.900000000000000000e+02,-4.633456173812664360e+02
