1.000000000000000000e+01,-4.653438457054994046e+02
2.000000000000000000e+01,-4.653440008149352707e+02
3.000000000000000000e+01,-4.653442646208334850e+02
4.000000000000000000e+01,-4.653446665475377699e+02
5.000000000000000000e+01,-4.653452225624393463e+02
6.000000000000000000e+01,-4.653459360742899662e+02
7.000000000000000000e+01,-4.653468029915293869e+02
8.000000000000000000e+01,-4.653478157384085989e+02
9.000000000000000000e+01,-4.653489655429168010e+02
1.000000000000000000e+02,-4.653502435746104879e+02
1.100000000000000000e+02,-4.653516414591695138e+02
1.200000000000000000e+02,-4.653531514815062451e+02
1.300000000000000000e+02,-4.653547666413468846e+02
1.400000000000000000e+02,-4.653564806432605678e+02
1.500000000000000000e+02,-4.653582878604707389e+02
1.600000000000000000e+02,-4.653601832901911735e+02
1.700000000000000000e+02,-4.653621625076726218e+02
1.800000000000000000e+02,-4.653642216213013398e+02
1.900000000000000000e+02,-4.653663572291496280e+02
2.000000000000000000e+02,-4.653685663768053473e+02
2.100000000000000000e+02,-4.653708465163077221e+02
2.200000000000000000e+02,-4.653731954661989221e+02
2.300000000000000000e+02,-4.653756113728638866e+02
2.400000000000000000e+02,-4.653780926734439731e+02
2.500000000000000000e+02,-4.653806380606349649e+02
2.600000000000000000e+02,-4.653832464496576335e+02
2.700000000000000000e+02,-4.653859169476270381e+02
2.800000000000000000e+02,-4.653886488254685787e+02
2.900000000000000000e+02,-4.653914414924471998e+02
