# Tetrahedron method
        0.0000000000        0.0000000000
        0.0700000000        0.0000000000
        0.1400000000        0.0000000000
        0.2100000000        0.0059259318
        0.2800000000        0.0218895752
        0.3500000000        0.0400661290
        0.4200000000        0.0611281195
        0.4900000000        0.0826839096
        0.5600000000        0.1084526959
        0.6300000000        0.1368943500
        0.7000000000        0.1704960664
        0.7700000000        0.2138045643
        0.8400000000        0.2638147696
        0.9100000000        0.3196186882
        0.9800000000        0.3820944102
        1.0500000000        0.4514771699
        1.1200000000        0.5240471929
        1.1900000000        0.6095802744
        1.2600000000        0.7088852349
        1.3300000000        0.8247905807
        1.4000000000        0.9940785200
        1.4700000000        1.1165098602
        1.5400000000        1.3251887280
        1.6100000000        1.5495265280
        1.6800000000        1.8499546016
        1.7500000000        2.2866590770
        1.8200000000        3.4553315221
        1.8900000000        3.4288153727
        1.9600000000        3.2624108108
        2.0300000000        4.8620648291
        2.1000000000        5.3828954461
        2.1700000000        7.3206117647
        2.2400000000        8.7728803364
        2.3100000000        8.6968122531
        2.3800000000        7.1098509087
        2.4500000000        7.1699782809
        2.5200000000        5.1577439648
        2.5900000000        7.4390489630
        2.6600000000        7.2667556158
        2.7300000000        6.7036928080
        2.8000000000        5.9808852765
        2.8700000000        5.4353682169
        2.9400000000        5.7221451579
        3.0100000000        6.0447013221
        3.0800000000        4.7332542171
        3.1500000000        4.2625496368
        3.2200000000        4.3834698569
        3.2900000000        3.7293587782
        3.3600000000        3.5729887273
        3.4300000000        3.6209367449
        3.5000000000        3.3744404384
        3.5700000000        3.5650334098
        3.6400000000        3.5598696722
        3.7100000000        2.8085886088
        3.7800000000        3.1249532867
        3.8500000000        3.0206172694
        3.9200000000        3.2527012448
        3.9900000000        3.1956385292
        4.0600000000        3.4210723604
        4.1300000000        2.1200008759
        4.2000000000        1.2343606413
        4.2700000000        0.8060025721
        4.3400000000        0.7118435612
        4.4100000000        0.6558696044
        4.4800000000        0.5560708524
        4.5500000000        0.5096732908
        4.6200000000        0.9711228704
        4.6900000000        0.6470721203
        4.7600000000        0.6665114704
        4.8300000000        0.7255995571
        4.9000000000        0.7432438913
        4.9700000000        0.7636466798
        5.0400000000        0.7884903508
        5.1100000000        0.8335414301
        5.1800000000        0.8837366186
        5.2500000000        0.9231274229
        5.3200000000        0.9674086477
        5.3900000000        1.0047915847
        5.4600000000        1.1137918902
        5.5300000000        1.2103555534
        5.6000000000        1.2447238821
        5.6700000000        1.1882990612
        5.7400000000        1.2718695484
        5.8100000000        1.4303108052
        5.8800000000        1.4658441484
        5.9500000000        1.5912957244
        6.0200000000        2.1426153417
        6.0900000000        2.0805227297
        6.1600000000        1.9617883610
        6.2300000000        1.6448504276
        6.3000000000        1.4974548416
        6.3700000000        1.5153252383
        6.4400000000        1.9379591363
        6.5100000000        2.3305381305
        6.5800000000        1.9104045635
        6.6500000000        1.8436651170
        6.7200000000        2.0790036820
        6.7900000000        2.3559978899
        6.8600000000        2.0551450838
        6.9300000000        1.7226309149
        7.0000000000        1.6981202910
        7.0700000000        1.7245842887
        7.1400000000        1.8364194361
        7.2100000000        2.0696052171
        7.2800000000        2.1330994060
        7.3500000000        3.6496123317
        7.4200000000        2.6853099276
        7.4900000000        2.1542931348
        7.5600000000        1.7581623740
        7.6300000000        2.0702197929
        7.7000000000        2.1327453595
        7.7700000000        1.3017349552
        7.8400000000        0.7815796992
        7.9100000000        0.7842360650
        7.9800000000        0.7651392928
        8.0500000000        0.7904153719
        8.1200000000        1.0329805552
        8.1900000000        1.2393674367
        8.2600000000        1.1951460517
        8.3300000000        1.1148786242
        8.4000000000        1.3575443591
        8.4700000000        1.5473560424
        8.5400000000        1.8216964582
        8.6100000000        2.1887052665
        8.6800000000        2.9578924406
        8.7500000000        2.8222747037
        8.8200000000        2.9286025013
        8.8900000000        2.7684220705
        8.9600000000        2.3809137923
        9.0300000000        2.0310605714
        9.1000000000        1.8744111682
        9.1700000000        1.5090201247
        9.2400000000        1.8955012918
        9.3100000000        1.8671637257
        9.3800000000        1.9645544340
        9.4500000000        2.0322538809
        9.5200000000        1.9028877022
        9.5900000000        1.9593781509
        9.6600000000        2.7518620422
        9.7300000000        2.6935083418
        9.8000000000        9.9670902539
        9.8700000000        9.3541579229
        9.9400000000        7.0783369213
       10.0100000000        8.2448879532
       10.0800000000       10.4758064974
       10.1500000000        1.5176234727
       10.2200000000        3.3671225825
       10.2900000000        3.7282187004
       10.3600000000        3.0772734761
       10.4300000000        3.1255208744
       10.5000000000        3.2136790392
       10.5700000000        3.5659983749
       10.6400000000        4.9871179932
       10.7100000000        4.2460160907
       10.7800000000        1.9479228368
       10.8500000000        1.2421834055
       10.9200000000        1.3520364814
       10.9900000000        1.4885091783
       11.0600000000        1.6499696879
       11.1300000000        1.8794737471
       11.2000000000        2.0775912736
       11.2700000000        1.8168503818
       11.3400000000        1.7488936749
       11.4100000000        1.7880749506
       11.4800000000        1.8047078893
       11.5500000000        1.7823435779
       11.6200000000        1.7858841207
       11.6900000000        1.8744555165
       11.7600000000        2.9596834158
       11.8300000000        3.5927311963
       11.9000000000        6.6093252677
       11.9700000000        5.0923718830
       12.0400000000        7.1457689347
       12.1100000000        1.3926414128
       12.1800000000        2.0345041425
       12.2500000000        3.7594572869
       12.3200000000        6.3234864934
       12.3900000000        4.8530477131
       12.4600000000        5.2221304435
       12.5300000000        5.7400470678
       12.6000000000        6.5139054426
       12.6700000000        8.1878062876
       12.7400000000        5.7442868915
       12.8100000000        7.5447402328
       12.8800000000       11.4473258903
       12.9500000000       12.5566809810
       13.0200000000        2.7109454781
       13.0900000000        1.6123725060
       13.1600000000        1.0124222479
       13.2300000000        0.4462972336
       13.3000000000        0.0000000000
       13.3700000000        0.0000000000
       13.4400000000        0.0000000000
       13.5100000000        0.0000000000
       13.5800000000        0.0000000000
       13.6500000000        0.0000000000
       13.7200000000        0.0000000000
       13.7900000000        0.0000000000
       13.8600000000        0.0000000000
       13.9300000000        0.0000000000
       14.0000000000        0.0000000000
