# Tetrahedron method
        0.0000000000        0.0000000000
        0.0700000000        0.0000000000
        0.1400000000        0.0000000000
        0.2100000000        0.0000000000
        0.2800000000        0.0000000000
        0.3500000000        0.0000000000
        0.4200000000        0.0246397997
        0.4900000000        0.0657231375
        0.5600000000        0.0929099087
        0.6300000000        0.1225015864
        0.7000000000        0.1713204935
        0.7700000000        0.2135221060
        0.8400000000        0.2678822996
        0.9100000000        0.3180487040
        0.9800000000        0.3754878615
        1.0500000000        0.4368362656
        1.1200000000        0.5147627444
        1.1900000000        0.5954373716
        1.2600000000        0.6842652577
        1.3300000000        0.8030057137
        1.4000000000        0.9774425636
        1.4700000000        1.1211206048
        1.5400000000        1.2883123007
        1.6100000000        1.5563845100
        1.6800000000        1.8899509423
        1.7500000000        2.4435730641
        1.8200000000        3.3967919040
        1.8900000000        3.4943059103
        1.9600000000        3.2486026015
        2.0300000000        4.0677555121
        2.1000000000        5.4352334594
        2.1700000000        8.2564294216
        2.2400000000        9.4760113097
        2.3100000000        8.1932202436
        2.3800000000        7.6365119645
        2.4500000000        6.6321684454
        2.5200000000        4.9661013880
        2.5900000000        6.3940504559
        2.6600000000        6.6899911907
        2.7300000000        6.3180960877
        2.8000000000        5.6073002822
        2.8700000000        4.5761308901
        2.9400000000        7.3098742205
        3.0100000000        5.1088574560
        3.0800000000        4.9923434561
        3.1500000000        4.8295642681
        3.2200000000        4.6717617643
        3.2900000000        3.2749544337
        3.3600000000        3.6139408588
        3.4300000000        3.6565430657
        3.5000000000        3.7696971051
        3.5700000000        3.3542857870
        3.6400000000        3.2880908265
        3.7100000000        3.4913929924
        3.7800000000        2.5415453968
        3.8500000000        3.0967896834
        3.9200000000        2.9645939438
        3.9900000000        3.2878903049
        4.0600000000        3.5252708488
        4.1300000000        2.0351358060
        4.2000000000        1.1373506283
        4.2700000000        0.8718357440
        4.3400000000        0.7309143841
        4.4100000000        0.6048442480
        4.4800000000        0.4576058097
        4.5500000000        0.4627418829
        4.6200000000        0.4874777595
        4.6900000000        0.4963398117
        4.7600000000        0.5234138738
        4.8300000000        0.5563821362
        4.9000000000        0.8297159906
        4.9700000000        0.8639109583
        5.0400000000        0.8461887531
        5.1100000000        0.8765878530
        5.1800000000        0.8960281882
        5.2500000000        0.9450440569
        5.3200000000        1.0159356534
        5.3900000000        1.0866014505
        5.4600000000        1.1564622788
        5.5300000000        1.2201703468
        5.6000000000        1.2482669414
        5.6700000000        1.3496730152
        5.7400000000        1.2827628191
        5.8100000000        1.2421193141
        5.8800000000        1.3156968830
        5.9500000000        1.6618594167
        6.0200000000        1.9326030174
        6.0900000000        2.0439558233
        6.1600000000        1.7333236971
        6.2300000000        1.4174145991
        6.3000000000        1.4305755501
        6.3700000000        1.5600005835
        6.4400000000        1.9369430022
        6.5100000000        2.5207687599
        6.5800000000        2.1081901876
        6.6500000000        1.9381341767
        6.7200000000        1.9253779586
        6.7900000000        2.8825499939
        6.8600000000        1.7046246469
        6.9300000000        1.5660622625
        7.0000000000        1.6433438629
        7.0700000000        1.7846191494
        7.1400000000        1.8461612028
        7.2100000000        1.8228499773
        7.2800000000        2.1949393453
        7.3500000000        3.6509219982
        7.4200000000        2.9936090893
        7.4900000000        2.2119139616
        7.5600000000        1.5424725492
        7.6300000000        1.6414724779
        7.7000000000        2.3169342201
        7.7700000000        1.2018963720
        7.8400000000        0.8488420949
        7.9100000000        0.5081177610
        7.9800000000        0.5708651462
        8.0500000000        0.7105524969
        8.1200000000        1.1610699008
        8.1900000000        1.3085100885
        8.2600000000        1.1884040872
        8.3300000000        1.0598801431
        8.4000000000        1.2925631254
        8.4700000000        1.5400496075
        8.5400000000        1.9061851817
        8.6100000000        2.3088789869
        8.6800000000        2.9584855253
        8.7500000000        2.9796430266
        8.8200000000        2.9763734841
        8.8900000000        3.2411685801
        8.9600000000        2.2188885967
        9.0300000000        1.9114774292
        9.1000000000        1.6743847626
        9.1700000000        2.1547904617
        9.2400000000        2.0677066577
        9.3100000000        1.7611275748
        9.3800000000        1.6885279885
        9.4500000000        2.4082147436
        9.5200000000        1.9450667404
        9.5900000000        2.1027431499
        9.6600000000        2.6127499139
        9.7300000000        3.5586345089
        9.8000000000        9.1000028785
        9.8700000000       10.6546310644
        9.9400000000       10.2409268496
       10.0100000000        6.4698653784
       10.0800000000        9.6483878563
       10.1500000000        1.6409915748
       10.2200000000        3.8927643275
       10.2900000000        3.6391382512
       10.3600000000        3.3041160309
       10.4300000000        3.2693795560
       10.5000000000        3.3140124761
       10.5700000000        3.4925133781
       10.6400000000        4.4878960123
       10.7100000000        4.0374059914
       10.7800000000        1.9083249371
       10.8500000000        1.2516552639
       10.9200000000        1.3688556485
       10.9900000000        1.4608920488
       11.0600000000        1.8785511038
       11.1300000000        2.0018643926
       11.2000000000        2.0407012769
       11.2700000000        1.8037101844
       11.3400000000        1.7471221689
       11.4100000000        1.7249313079
       11.4800000000        2.1146057385
       11.5500000000        1.3981893316
       11.6200000000        1.2366805719
       11.6900000000        1.0411850806
       11.7600000000        2.5232776794
       11.8300000000        4.8139304921
       11.9000000000        6.9863289473
       11.9700000000        4.7609126376
       12.0400000000        7.2973000092
       12.1100000000        1.3400259129
       12.1800000000        1.9420128132
       12.2500000000        3.9976649018
       12.3200000000        7.4645411809
       12.3900000000        4.4718727636
       12.4600000000        4.9350104483
       12.5300000000        6.1554869037
       12.6000000000        7.1320046282
       12.6700000000        8.2517494172
       12.7400000000        5.6482916442
       12.8100000000        7.8806670151
       12.8800000000       11.4350595398
       12.9500000000       13.0658380148
       13.0200000000        2.7632853042
       13.0900000000        1.6185696504
       13.1600000000        0.9796316779
       13.2300000000        0.3455536894
       13.3000000000        0.0000000000
       13.3700000000        0.0000000000
       13.4400000000        0.0000000000
       13.5100000000        0.0000000000
       13.5800000000        0.0000000000
       13.6500000000        0.0000000000
       13.7200000000        0.0000000000
       13.7900000000        0.0000000000
       13.8600000000        0.0000000000
       13.9300000000        0.0000000000
       14.0000000000        0.0000000000
