     0.00000000    94.23217    96.49686    96.61641    97.17870    97.69682    97.90689    98.06827    98.43716    98.51954    98.65217   100.71090   101.15016
     0.00138225    94.23213    96.49666    96.61662    97.17848    97.69666    97.90680    98.06845    98.43705    98.51951    98.65208   100.71088   101.15014
     0.00276451    94.23198    96.49604    96.61727    97.17783    97.69619    97.90655    98.06896    98.43670    98.51943    98.65184   100.71081   101.15007
     0.00414676    94.23175    96.49495    96.61840    97.17675    97.69540    97.90612    98.06983    98.43611    98.51930    98.65143   100.71069   101.14995
     0.00552901    94.23142    96.49331    96.62004    97.17525    97.69429    97.90549    98.07105    98.43530    98.51912    98.65086   100.71053   101.14979
     0.00691126    94.23100    96.49102    96.62228    97.17335    97.69288    97.90465    98.07265    98.43427    98.51889    98.65014   100.71032   101.14957
     0.00829352    94.23050    96.48795    96.62516    97.17108    97.69116    97.90359    98.07461    98.43301    98.51860    98.64926   100.71006   101.14932
     0.00967577    94.22992    96.48398    96.62877    97.16845    97.68914    97.90227    98.07697    98.43154    98.51826    98.64824   100.70976   101.14901
     0.01105802    94.22926    96.47900    96.63314    97.16551    97.68683    97.90068    98.07973    98.42986    98.51787    98.64707   100.70942   101.14867
     0.01244027    94.22853    96.47288    96.63832    97.16227    97.68423    97.89879    98.08289    98.42799    98.51741    98.64578   100.70903   101.14828
     0.01382253    94.22774    96.46552    96.64431    97.15878    97.68136    97.89659    98.08646    98.42592    98.51691    98.64436   100.70860   101.14785
     0.01520478    94.22689    96.45682    96.65112    97.15507    97.67822    97.89407    98.09044    98.42368    98.51634    98.64282   100.70813   101.14738
     0.01658703    94.22598    96.44671    96.65873    97.15119    97.67482    97.89121    98.09482    98.42126    98.51571    98.64119   100.70762   101.14687
     0.01796929    94.22504    96.43509    96.66709    97.14719    97.67117    97.88800    98.09960    98.41869    98.51503    98.63945   100.70708   101.14632
     0.01935154    94.22405    96.42190    96.67618    97.14309    97.66729    97.88444    98.10477    98.41596    98.51429    98.63764   100.70649   101.14574
     0.02073379    94.22303    96.40707    96.68594    97.13896    97.66318    97.88054    98.11031    98.41311    98.51348    98.63575   100.70588   101.14513
     0.02211604    94.22199    96.39054    96.69632    97.13483    97.65887    97.87629    98.11620    98.41012    98.51261    98.63381   100.70523   101.14449
     0.02349830    94.22092    96.37223    96.70727    97.13074    97.65436    97.87171    98.12242    98.40703    98.51167    98.63183   100.70455   101.14381
     0.02488055    94.21985    96.35208    96.71873    97.12673    97.64967    97.86681    98.12896    98.40384    98.51067    98.62982   100.70385   101.14312
     0.02626280    94.21876    96.33003    96.73065    97.12285    97.64482    97.86159    98.13578    98.40056    98.50960    98.62779   100.70311   101.14239
     0.02764505    94.21768    96.30603    96.74297    97.11911    97.63983    97.85608    98.14287    98.39721    98.50844    98.62576   100.70236   101.14165
     0.02902731    94.21660    96.28003    96.75564    97.11556    97.63472    97.85029    98.15020    98.39380    98.50721    98.62375   100.70159   101.14089
     0.03040956    94.21553    96.25198    96.76860    97.11221    97.62950    97.84423    98.15774    98.39035    98.50590    98.62177   100.70080   101.14012
     0.03179181    94.21448    96.22185    96.78180    97.10909    97.62419    97.83793    98.16548    98.38686    98.50448    98.61984   100.70000   101.13933
     0.03317407    94.21345    96.18961    96.79519    97.10621    97.61882    97.83140    98.17338    98.38336    98.50297    98.61797   100.69919   101.13854
     0.03455632    94.21244    96.15523    96.80871    97.10358    97.61342    97.82467    98.18144    98.37985    98.50135    98.61616   100.69837   101.13774
     0.03593857    94.21147    96.11872    96.82232    97.10121    97.60799    97.81776    98.18961    98.37635    98.49961    98.61445   100.69755   101.13694
     0.03732082    94.21053    96.08006    96.83595    97.09910    97.60258    97.81069    98.19789    98.37288    98.49774    98.61283   100.69673   101.13614
     0.03870308    94.20962    96.03928    96.84956    97.09725    97.59720    97.80348    98.20625    98.36944    98.49573    98.61132   100.69591   101.13535
     0.04008533    94.20877    95.99638    96.86311    97.09564    97.59188    97.79617    98.21466    98.36606    98.49357    98.60993   100.69510   101.13457
     0.04146758    94.20796    95.95140    96.87652    97.09428    97.58664    97.78877    98.22312    98.36274    98.49125    98.60866   100.69430   101.13379
     0.04284983    94.20721    95.90437    96.88976    97.09316    97.58151    97.78131    98.23159    98.35950    98.48876    98.60752   100.69351   101.13303
     0.04423209    94.20652    95.85535    96.90277    97.09225    97.57652    97.77384    98.24005    98.35636    98.48610    98.60652   100.69275   101.13229
     0.04561434    94.20590    95.80440    96.91550    97.09154    97.57168    97.76637    98.24848    98.35333    98.48326    98.60564   100.69200   101.13157
     0.04699659    94.20538    95.75158    96.92790    97.09102    97.56704    97.75894    98.25686    98.35043    98.48023    98.60488   100.69127   101.13087
     0.04837885    94.20496    95.69697    96.93991    97.09067    97.56260    97.75160    98.26515    98.34767    98.47702    98.60425   100.69058   101.13020
     0.04976110    94.20468    95.64066    96.95148    97.09046    97.55839    97.74437    98.27334    98.34508    98.47363    98.60374   100.68991   101.12956
     0.05114335    94.20458    95.58275    96.96256    97.09038    97.55443    97.73731    98.28137    98.34269    98.47006    98.60333   100.68927   101.12896
     0.05252560    94.20477    95.52335    96.97309    97.09041    97.55075    97.73045    98.28919    98.34054    98.46632    98.60302   100.68868   101.12838
     0.05390786    94.20540    95.46259    96.98303    97.09053    97.54735    97.72385    98.29672    98.33868    98.46242    98.60280   100.68812   101.12785
     0.05529011    94.20689    95.40059    96.99231    97.09071    97.54425    97.71755    98.30383    98.33725    98.45838    98.60265   100.68760   101.12735
     0.05667236    94.21031    95.33753    97.00090    97.09094    97.54146    97.71161    98.31027    98.33644    98.45423    98.60256   100.68712   101.12689
     0.05805461    94.21934    95.27358    97.00874    97.09120    97.53899    97.70609    98.31559    98.33667    98.44999    98.60252   100.68669   101.12648
     0.05943687    94.24526    95.20898    97.01579    97.09147    97.53683    97.70104    98.31923    98.33847    98.44573    98.60251   100.68630   101.12611
     0.06081912    94.29412    95.14402    97.02200    97.09173    97.53498    97.69652    98.32103    98.34191    98.44151    98.60254   100.68596   101.12579
     0.06220137    94.35310    95.07912    97.02733    97.09197    97.53343    97.69257    98.32161    98.34629    98.43741    98.60257   100.68567   101.12551
     0.06358363    94.41456    95.01499    97.03175    97.09219    97.53219    97.68927    98.32161    98.35082    98.43358    98.60262   100.68544   101.12529
     0.06496588    94.47524    94.95289    97.03522    97.09236    97.53124    97.68664    98.32141    98.35496    98.43020    98.60266   100.68525   101.12511
     0.06634813    94.53174    94.89558    97.03772    97.09249    97.53056    97.68474    98.32119    98.35828    98.42749    98.60269   100.68512   101.12498
     0.06773038    94.57700    94.84991    97.03923    97.09257    97.53016    97.68358    98.32103    98.36045    98.42571    98.60272   100.68504   101.12491
     0.06911264    94.59601    94.83077    97.03973    97.09260    97.53003    97.68319    98.32097    98.36120    98.42509    98.60272   100.68501   101.12488
     0.06911264    94.59601    94.83077    97.03973    97.09260    97.53003    97.68319    98.32097    98.36120    98.42509    98.60272   100.68501   101.12488
     0.07133214    94.57806    94.85053    97.03874    97.09232    97.53021    97.68399    98.32087    98.36044    98.42589    98.60274   100.68507   101.12498
     0.07355165    94.53579    94.89819    97.03575    97.09152    97.53075    97.68634    98.32052    98.35832    98.42815    98.60279   100.68524   101.12529
     0.07577115    94.48407    94.95896    97.03073    97.09032    97.53164    97.69018    98.31979    98.35528    98.43156    98.60289   100.68552   101.12579
     0.07799066    94.42996    95.02590    97.02363    97.08885    97.53286    97.69540    98.31843    98.35191    98.43577    98.60305   100.68592   101.12648
     0.08021016    94.37678    95.09611    97.01451    97.08720    97.53439    97.70185    98.31610    98.34884    98.44049    98.60329   100.68643   101.12736
     0.08242967    94.32723    95.16814    97.00347    97.08544    97.53621    97.70936    98.31246    98.34661    98.44549    98.60363   100.68705   101.12842
     0.08464917    94.28565    95.24109    96.99065    97.08356    97.53828    97.71777    98.30737    98.34551    98.45060    98.60410   100.68777   101.12964
     0.08686868    94.25886    95.31434    96.97625    97.08154    97.54057    97.72689    98.30095    98.34550    98.45572    98.60473   100.68861   101.13102
     0.08908818    94.24797    95.38732    96.96048    97.07933    97.54306    97.73657    98.29347    98.34640    98.46076    98.60552   100.68955   101.13253
     0.09130769    94.24610    95.45957    96.94354    97.07689    97.54571    97.74664    98.28512    98.34804    98.46568    98.60651   100.69058   101.13417
     0.09352719    94.24830    95.53060    96.92564    97.07414    97.54848    97.75699    98.27608    98.35026    98.47042    98.60771   100.69171   101.13591
     0.09574670    94.25257    95.59997    96.90698    97.07102    97.55137    97.76749    98.26646    98.35296    98.47499    98.60912   100.69292   101.13774
     0.09796620    94.25807    95.66721    96.88775    97.06746    97.55432    97.77805    98.25634    98.35607    98.47937    98.61075   100.69422   101.13964
     0.10018571    94.26441    95.73186    96.86815    97.06339    97.55734    97.78860    98.24578    98.35950    98.48358    98.61259   100.69558   101.14158
     0.10240521    94.27136    95.79348    96.84839    97.05873    97.56038    97.79910    98.23483    98.36319    98.48763    98.61462   100.69701   101.14354
     0.10462471    94.27877    95.85159    96.82867    97.05342    97.56345    97.80950    98.22355    98.36706    98.49155    98.61683   100.69849   101.14551
     0.10684422    94.28655    95.90573    96.80923    97.04737    97.56652    97.81979    98.21200    98.37102    98.49539    98.61920   100.70000   101.14746
     0.10906372    94.29459    95.95542    96.79030    97.04051    97.56960    97.82997    98.20023    98.37498    98.49918    98.62170   100.70154   101.14938
     0.11128323    94.30284    96.00020    96.77216    97.03277    97.57266    97.84004    98.18832    98.37883    98.50296    98.62430   100.70309   101.15124
     0.11350273    94.31121    96.03962    96.75507    97.02408    97.57572    97.85003    98.17634    98.38248    98.50680    98.62700   100.70463   101.15302
     0.11572224    94.31964    96.07325    96.73932    97.01438    97.57877    97.85997    98.16437    98.38581    98.51071    98.62975   100.70616   101.15471
     0.11794174    94.32808    96.10074    96.72515    97.00362    97.58179    97.86986    98.15249    98.38875    98.51472    98.63255   100.70765   101.15629
     0.12016125    94.33645    96.12184    96.71274    96.99177    97.58479    97.87975    98.14079    98.39121    98.51885    98.63537   100.70909   101.15775
     0.12238075    94.34470    96.13641    96.70217    96.97881    97.58775    97.88964    98.12935    98.39313    98.52309    98.63822   100.71047   101.15908
     0.12460026    94.35278    96.14456    96.69337    96.96478    97.59066    97.89957    98.11825    98.39448    98.52742    98.64108   100.71177   101.16026
     0.12681976    94.36062    96.14654    96.68607    96.94973    97.59350    97.90955    98.10756    98.39522    98.53177    98.64395   100.71298   101.16130
     0.12903927    94.36816    96.14283    96.67988    96.93377    97.59625    97.91956    98.09736    98.39538    98.53609    98.64685   100.71409   101.16218
     0.13125877    94.37536    96.13403    96.67425    96.91707    97.59889    97.92961    98.08770    98.39497    98.54030    98.64977   100.71508   101.16292
     0.13347828    94.38217    96.12081    96.66856    96.89989    97.60141    97.93966    98.07866    98.39403    98.54433    98.65273   100.71594   101.16350
     0.13569778    94.38854    96.10389    96.66213    96.88257    97.60379    97.94968    98.07028    98.39262    98.54807    98.65574   100.71668   101.16393
     0.13791729    94.39441    96.08395    96.65430    96.86551    97.60601    97.95959    98.06263    98.39078    98.55145    98.65881   100.71727   101.16423
     0.14013679    94.39974    96.06165    96.64445    96.84921    97.60808    97.96928    98.05580    98.38860    98.55440    98.66194   100.71773   101.16438
     0.14235630    94.40449    96.03760    96.63206    96.83413    97.61000    97.97855    98.04993    98.38614    98.55684    98.66514   100.71804   101.16442
     0.14457580    94.40861    96.01236    96.61677    96.82066    97.61179    97.98708    98.04528    98.38348    98.55873    98.66840   100.71822   101.16433
     0.14679531    94.41205    95.98649    96.59849    96.80902    97.61348    97.99435    98.04230    98.38071    98.56003    98.67170   100.71825   101.16415
     0.14901481    94.41476    95.96050    96.57736    96.79920    97.61511    97.99956    98.04168    98.37791    98.56072    98.67504   100.71816   101.16388
     0.15123432    94.41670    95.93492    96.55376    96.79106    97.61674    98.00209    98.04394    98.37516    98.56080    98.67837   100.71794   101.16353
     0.15345382    94.41780    95.91024    96.52816    96.78433    97.61843    98.00217    98.04876    98.37256    98.56025    98.68168   100.71761   101.16313
     0.15567333    94.41802    95.88696    96.50108    96.77875    97.62026    98.00064    98.05516    98.37021    98.55910    98.68493   100.71718   101.16268
     0.15789283    94.41730    95.86554    96.47305    96.77404    97.62230    97.99827    98.06227    98.36819    98.55736    98.68809   100.71667   101.16219
     0.16011234    94.41559    95.84644    96.44455    96.77000    97.62463    97.99549    98.06951    98.36661    98.55505    98.69112   100.71608   101.16169
     0.16233184    94.41285    95.83006    96.41605    96.76642    97.62734    97.99251    98.07657    98.36555    98.55219    98.69401   100.71543   101.16119
     0.16455135    94.40907    95.81672    96.38798    96.76316    97.63050    97.98943    98.08323    98.36510    98.54882    98.69672   100.71475   101.16069
     0.16677085    94.40426    95.80669    96.36075    96.76008    97.63418    97.98630    98.08935    98.36534    98.54496    98.69923   100.71405   101.16021
     0.16899036    94.39846    95.80008    96.33479    96.75709    97.63842    97.98312    98.09484    98.36631    98.54065    98.70152   100.71334   101.15976
     0.17120986    94.39174    95.79690    96.31049    96.75411    97.64327    97.97989    98.09965    98.36805    98.53591    98.70358   100.71264   101.15934
     0.17342937    94.38425    95.79700    96.28828    96.75109    97.64871    97.97662    98.10377    98.37058    98.53078    98.70540   100.71198   101.15897
     0.17564887    94.37616    95.80006    96.26861    96.74798    97.65474    97.97329    98.10719    98.37388    98.52529    98.70696   100.71135   101.15864
     0.17786838    94.36768    95.80561    96.25192    96.74480    97.66129    97.96991    98.10995    98.37790    98.51949    98.70826   100.71078   101.15837
     0.18008788    94.35907    95.81301    96.23867    96.74156    97.66828    97.96650    98.11211    98.38258    98.51342    98.70930   100.71028   101.15814
     0.18008788    94.35907    95.81301    96.23867    96.74156    97.66828    97.96650    98.11211    98.38258    98.51342    98.70930   100.71028   101.15814
     0.18147013    94.36500    95.81024    96.24646    96.74467    97.66293    97.96715    98.10475    98.38264    98.51837    98.70901   100.71067   101.15838
     0.18285239    94.37325    95.80906    96.25512    96.74699    97.65838    97.96695    98.09748    98.38309    98.52322    98.70854   100.71109   101.15870
     0.18423464    94.38374    95.80945    96.26463    96.74851    97.65463    97.96589    98.09033    98.38393    98.52794    98.70789   100.71154   101.15910
     0.18561689    94.39640    95.81142    96.27494    96.74919    97.65171    97.96397    98.08331    98.38515    98.53255    98.70706   100.71201   101.15958
     0.18699914    94.41116    95.81495    96.28604    96.74904    97.64963    97.96119    98.07644    98.38674    98.53703    98.70607   100.71251   101.16013
     0.18838140    94.42790    95.82004    96.29788    96.74803    97.64838    97.95759    98.06972    98.38869    98.54137    98.70491   100.71302   101.16076
     0.18976365    94.44653    95.82664    96.31042    96.74616    97.64797    97.95321    98.06312    98.39098    98.54557    98.70359   100.71356   101.16145
     0.19114590    94.46694    95.83475    96.32361    96.74346    97.64836    97.94809    98.05664    98.39359    98.54962    98.70213   100.71412   101.16222
     0.19252816    94.48900    95.84432    96.33740    96.73995    97.64952    97.94231    98.05024    98.39651    98.55351    98.70052   100.71469   101.16305
     0.19391041    94.51259    95.85531    96.35170    96.73567    97.65142    97.93594    98.04388    98.39971    98.55726    98.69878   100.71527   101.16395
     0.19529266    94.53761    95.86769    96.36644    96.73067    97.65398    97.92906    98.03755    98.40316    98.56084    98.69692   100.71586   101.16490
     0.19667491    94.56392    95.88140    96.38152    96.72505    97.65714    97.92177    98.03121    98.40683    98.56425    98.69494   100.71645   101.16592
     0.19805717    94.59142    95.89639    96.39681    96.71891    97.66079    97.91414    98.02485    98.41071    98.56749    98.69286   100.71705   101.16699
     0.19943942    94.61999    95.91260    96.41214    96.71240    97.66483    97.90628    98.01846    98.41477    98.57055    98.69068   100.71766   101.16811
     0.20082167    94.64952    95.92996    96.42731    96.70572    97.66910    97.89829    98.01206    98.41896    98.57343    98.68842   100.71825   101.16929
     0.20220392    94.67992    95.94841    96.44203    96.69916    97.67346    97.89028    98.00568    98.42327    98.57612    98.68609   100.71885   101.17050
     0.20358618    94.71108    95.96786    96.45595    96.69306    97.67769    97.88236    97.99935    98.42767    98.57861    98.68371   100.71943   101.17176
     0.20496843    94.74292    95.98824    96.46859    96.68791    97.68158    97.87465    97.99318    98.43211    98.58090    98.68130   100.72000   101.17305
     0.20635068    94.77534    96.00943    96.47936    96.68432    97.68485    97.86725    97.98726    98.43657    98.58296    98.67887   100.72055   101.17438
     0.20773294    94.80825    96.03134    96.48761    96.68294    97.68725    97.86026    97.98177    98.44101    98.58481    98.67644   100.72109   101.17573
     0.20911519    94.84159    96.05382    96.49276    96.68441    97.68849    97.85373    97.97689    98.44540    98.58642    98.67404   100.72161   101.17711
     0.21049744    94.87528    96.07672    96.49448    96.68910    97.68832    97.84762    97.97287    98.44970    98.58779    98.67168   100.72210   101.17851
     0.21187969    94.90925    96.09985    96.49288    96.69701    97.68659    97.84182    97.97001    98.45387    98.58892    98.66939   100.72256   101.17992
     0.21326195    94.94344    96.12293    96.48847    96.70779    97.68321    97.83608    97.96858    98.45786    98.58980    98.66718   100.72300   101.18134
     0.21464420    94.97777    96.14563    96.48204    96.72086    97.67821    97.83014    97.96885    98.46164    98.59043    98.66508   100.72340   101.18276
     0.21602645    95.01221    96.16746    96.47455    96.73565    97.67170    97.82370    97.97099    98.46513    98.59084    98.66311   100.72377   101.18418
     0.21740870    95.04668    96.18774    96.46707    96.75160    97.66384    97.81656    97.97505    98.46831    98.59102    98.66127   100.72411   101.18560
     0.21879096    95.08114    96.20552    96.46087    96.76829    97.65484    97.80863    97.98096    98.47110    98.59102    98.65957   100.72441   101.18700
     0.22017321    95.11554    96.21960    96.45738    96.78533    97.64486    97.79991    97.98857    98.47345    98.59087    98.65802   100.72467   101.18839
     0.22155546    95.14983    96.22867    96.45806    96.80243    97.63408    97.79050    97.99767    98.47530    98.59062    98.65659   100.72489   101.18975
     0.22293772    95.18397    96.23173    96.46400    96.81930    97.62264    97.78053    98.00805    98.47658    98.59031    98.65529   100.72507   101.19108
     0.22431997    95.21789    96.22861    96.47548    96.83571    97.61064    97.77019    98.01950    98.47725    98.58999    98.65408   100.72521   101.19237
     0.22570222    95.25157    96.21993    96.49190    96.85143    97.59817    97.75967    98.03182    98.47726    98.58972    98.65296   100.72531   101.19362
     0.22708447    95.28494    96.20677    96.51222    96.86625    97.58527    97.74921    98.04484    98.47656    98.58954    98.65189   100.72536   101.19483
     0.22846673    95.31796    96.19019    96.53540    96.87998    97.57196    97.73905    98.05842    98.47514    98.58947    98.65085   100.72538   101.19599
     0.22984898    95.35057    96.17103    96.56058    96.89241    97.55824    97.72946    98.07244    98.47300    98.58953    98.64982   100.72535   101.19709
     0.23123123    95.38272    96.14996    96.58713    96.90337    97.54407    97.72069    98.08678    98.47014    98.58972    98.64877   100.72529   101.19812
     0.23261348    95.41431    96.12744    96.61457    96.91269    97.52940    97.71305    98.10134    98.46660    98.59002    98.64769   100.72518   101.19909
     0.23399574    95.44527    96.10385    96.64253    96.92025    97.51416    97.70679    98.11603    98.46241    98.59040    98.64655   100.72504   101.19998
     0.23537799    95.47549    96.07950    96.67069    96.92596    97.49832    97.70215    98.13077    98.45762    98.59083    98.64534   100.72486   101.20080
     0.23676024    95.50480    96.05468    96.69877    96.92978    97.48184    97.69933    98.14548    98.45231    98.59128    98.64404   100.72464   101.20154
     0.23814250    95.53303    96.02969    96.72647    96.93178    97.46473    97.69847    98.16006    98.44652    98.59169    98.64265   100.72439   101.20219
     0.23952475    95.55988    96.00489    96.75339    96.93212    97.44702    97.69963    98.17444    98.44036    98.59202    98.64116   100.72410   101.20276
     0.24090700    95.58494    95.98075    96.77900    96.93120    97.42883    97.70282    98.18850    98.43389    98.59225    98.63956   100.72379   101.20323
     0.24228925    95.60760    95.95792    96.80243    96.92972    97.41029    97.70798    98.20214    98.42724    98.59232    98.63786   100.72344   101.20361
     0.24367151    95.62699    95.93733    96.82220    96.92904    97.39162    97.71501    98.21521    98.42052    98.59221    98.63606   100.72307   101.20389
     0.24505376    95.64184    95.92027    96.83603    96.93124    97.37311    97.72377    98.22753    98.41393    98.59189    98.63416   100.72268   101.20408
     0.24643601    95.65062    95.90828    96.84179    96.93824    97.35513    97.73409    98.23886    98.40767    98.59131    98.63217   100.72226   101.20417
     0.24781826    95.65194    95.90280    96.83954    96.94962    97.33819    97.74581    98.24889    98.40204    98.59046    98.63012   100.72182   101.20415
     0.24920052    95.64525    95.90438    96.83137    96.96282    97.32294    97.75875    98.25723    98.39743    98.58932    98.62801   100.72136   101.20404
     0.24920052    95.64525    95.90438    96.83137    96.96282    97.32294    97.75875    98.25723    98.39743    98.58932    98.62801   100.72136   101.20404
     0.25083285    95.65180    95.90108    96.83762    96.95094    97.33933    97.74626    98.24813    98.40278    98.58976    98.63081   100.72214   101.20467
     0.25246519    95.65113    95.90387    96.83908    96.93815    97.35834    97.73546    98.23689    98.40943    98.58947    98.63383   100.72289   101.20517
     0.25409752    95.64347    95.91243    96.83454    96.92663    97.37887    97.72660    98.22411    98.41683    98.58861    98.63692   100.72360   101.20555
     0.25572986    95.62984    95.92560    96.82366    96.91747    97.40006    97.71988    98.21024    98.42456    98.58730    98.63998   100.72427   101.20579
     0.25736219    95.61150    95.94195    96.80763    96.91013    97.42131    97.71549    98.19564    98.43230    98.58566    98.64290   100.72489   101.20590
     0.25899453    95.58954    95.96016    96.78842    96.90317    97.44219    97.71351    98.18058    98.43982    98.58379    98.64564   100.72545   101.20587
     0.26062686    95.56474    95.97920    96.76778    96.89536    97.46241    97.71399    98.16527    98.44693    98.58180    98.64815   100.72597   101.20571
     0.26225920    95.53763    95.99826    96.74699    96.88597    97.48180    97.71685    98.14992    98.45346    98.57979    98.65040   100.72642   101.20542
     0.26389153    95.50855    96.01668    96.72696    96.87463    97.50025    97.72193    98.13469    98.45925    98.57788    98.65239   100.72681   101.20500
     0.26552387    95.47769    96.03394    96.70839    96.86124    97.51773    97.72903    98.11974    98.46416    98.57618    98.65409   100.72714   101.20445
     0.26715620    95.44517    96.04960    96.69182    96.84588    97.53422    97.73786    98.10525    98.46803    98.57483    98.65552   100.72740   101.20377
     0.26878854    95.41106    96.06328    96.67765    96.82874    97.54971    97.74814    98.09138    98.47075    98.57394    98.65669   100.72759   101.20297
     0.27042087    95.37540    96.07471    96.66611    96.81010    97.56418    97.75959    98.07830    98.47222    98.57358    98.65760   100.72771   101.20206
     0.27205321    95.33820    96.08373    96.65723    96.79037    97.57758    97.77196    98.06617    98.47238    98.57381    98.65827   100.72777   101.20103
     0.27368554    95.29948    96.09030    96.65072    96.77013    97.58983    97.78505    98.05517    98.47125    98.57459    98.65874   100.72775   101.19990
     0.27531788    95.25926    96.09452    96.64580    96.75030    97.60085    97.79869    98.04545    98.46890    98.57585    98.65903   100.72766   101.19868
     0.27695021    95.21756    96.09661    96.64090    96.73243    97.61055    97.81275    98.03715    98.46542    98.57746    98.65918   100.72750   101.19736
     0.27858255    95.17441    96.09690    96.63347    96.71891    97.61887    97.82713    98.03039    98.46094    98.57928    98.65924   100.72727   101.19596
     0.28021488    95.12988    96.09575    96.62098    96.71204    97.62579    97.84177    98.02523    98.45558    98.58116    98.65926   100.72698   101.19448
     0.28184722    95.08401    96.09357    96.60307    96.71186    97.63135    97.85659    98.02172    98.44945    98.58294    98.65931   100.72662   101.19294
     0.28347955    95.03690    96.09074    96.58134    96.71645    97.63565    97.87152    98.01984    98.44265    98.58449    98.65944   100.72620   101.19134
     0.28511189    94.98864    96.08762    96.55743    96.72385    97.63887    97.88647    98.01953    98.43526    98.58569    98.65973   100.72573   101.18969
     0.28674422    94.93933    96.08451    96.53238    96.73270    97.64124    97.90136    98.02072    98.42735    98.58644    98.66024   100.72520   101.18800
     0.28837656    94.88910    96.08164    96.50680    96.74212    97.64306    97.91606    98.02330    98.41898    98.58667    98.66100   100.72462   101.18628
     0.29000889    94.83806    96.07923    96.48109    96.75145    97.64462    97.93042    98.02720    98.41018    98.58631    98.66207   100.72400   101.18453
     0.29164123    94.78636    96.07742    96.45552    96.76025    97.64622    97.94428    98.03233    98.40101    98.58536    98.66343   100.72334   101.18277
     0.29327356    94.73413    96.07632    96.43028    96.76812    97.64816    97.95745    98.03865    98.39150    98.58381    98.66509   100.72264   101.18100
     0.29490590    94.68153    96.07601    96.40553    96.77481    97.65069    97.96976    98.04613    98.38169    98.58169    98.66702   100.72191   101.17923
     0.29653823    94.62871    96.07652    96.38141    96.78008    97.65404    97.98106    98.05470    98.37160    98.57906    98.66917   100.72115   101.17748
     0.29817057    94.57582    96.07787    96.35803    96.78381    97.65838    97.99124    98.06430    98.36128    98.57594    98.67150   100.72038   101.17575
     0.29980290    94.52304    96.08004    96.33549    96.78589    97.66383    98.00028    98.07476    98.35076    98.57241    98.67396   100.71959   101.17404
     0.30143524    94.47052    96.08300    96.31390    96.78630    97.67047    98.00823    98.08590    98.34008    98.56851    98.67652   100.71880   101.17237
     0.30306757    94.41845    96.08667    96.29335    96.78507    97.67831    98.01516    98.09749    98.32931    98.56431    98.67912   100.71800   101.17074
     0.30469991    94.36701    96.09097    96.27395    96.78225    97.68734    98.02116    98.10932    98.31848    98.55984    98.68174   100.71721   101.16917
     0.30633224    94.31640    96.09577    96.25581    96.77796    97.69749    98.02629    98.12117    98.30768    98.55517    98.68433   100.71643   101.16765
     0.30796458    94.26682    96.10088    96.23909    96.77235    97.70867    98.03058    98.13287    98.29699    98.55034    98.68688   100.71566   101.16619
     0.30959691    94.21850    96.10605    96.22398    96.76560    97.72076    98.03406    98.14426    98.28652    98.54541    98.68935   100.71492   101.16481
     0.31122925    94.17167    96.11091    96.21078    96.75789    97.73361    98.03670    98.15516    98.27641    98.54042    98.69173   100.71421   101.16350
     0.31286158    94.12659    96.11496    96.19992    96.74944    97.74706    98.03850    98.16542    98.26682    98.53544    98.69398   100.71353   101.16228
     0.31449392    94.08356    96.11754    96.19193    96.74049    97.76094    98.03942    98.17482    98.25800    98.53052    98.69610   100.71289   101.16114
     0.31612625    94.04288    96.11805    96.18730    96.73128    97.77504    98.03943    98.18308    98.25027    98.52573    98.69806   100.71229   101.16010
     0.31775859    94.00489    96.11633    96.18603    96.72206    97.78916    98.03851    98.18978    98.24409    98.52113    98.69985   100.71174   101.15915
     0.31939092    93.96997    96.11291    96.18744    96.71307    97.80305    98.03670    98.19441    98.24000    98.51679    98.70146   100.71125   101.15831
     0.32102326    93.93852    96.10863    96.19051    96.70460    97.81644    98.03408    98.19661    98.23840    98.51281    98.70288   100.71081   101.15757
     0.32265559    93.91093    96.10422    96.19432    96.69687    97.82901    98.03080    98.19663    98.23902    98.50924    98.70410   100.71044   101.15694
     0.32428793    93.88763    96.10019    96.19820    96.69015    97.84036    98.02715    98.19538    98.24093    98.50619    98.70511   100.71013   101.15642
     0.32592026    93.86901    96.09683    96.20165    96.68465    97.85005    98.02351    98.19375    98.24319    98.50371    98.70590   100.70988   101.15601
     0.32755260    93.85543    96.09433    96.20434    96.68057    97.85753    98.02035    98.19231    98.24514    98.50189    98.70647   100.70970   101.15572
     0.32918493    93.84716    96.09280    96.20605    96.67806    97.86230    98.01818    98.19135    98.24644    98.50078    98.70681   100.70960   101.15554
     0.33081727    93.84439    96.09228    96.20663    96.67721    97.86394    98.01741    98.19102    98.24689    98.50040    98.70693   100.70956   101.15549
     0.33081727    93.84439    96.09228    96.20663    96.67721    97.86394    98.01741    98.19102    98.24689    98.50040    98.70693   100.70956   101.15549
     0.33219952    93.84609    96.09263    96.20666    96.67764    97.86292    98.01788    98.19132    98.24672    98.50057    98.70679   100.70958   101.15553
     0.33358177    93.85118    96.09366    96.20676    96.67895    97.85991    98.01927    98.19220    98.24622    98.50110    98.70637   100.70964   101.15568
     0.33496403    93.85958    96.09537    96.20693    96.68112    97.85505    98.02145    98.19357    98.24547    98.50197    98.70567   100.70974   101.15591
     0.33634628    93.87120    96.09774    96.20719    96.68415    97.84853    98.02424    98.19530    98.24459    98.50317    98.70470   100.70987   101.15624
     0.33772853    93.88588    96.10073    96.20754    96.68801    97.84058    98.02747    98.19715    98.24378    98.50468    98.70345   100.71005   101.15667
     0.33911078    93.90346    96.10432    96.20803    96.69268    97.83142    98.03096    98.19878    98.24336    98.50650    98.70194   100.71025   101.15718
     0.34049304    93.92377    96.10843    96.20868    96.69814    97.82123    98.03460    98.19975    98.24373    98.50860    98.70015   100.71049   101.15779
     0.34187529    93.94660    96.11300    96.20956    96.70436    97.81017    98.03826    98.19962    98.24529    98.51095    98.69811   100.71077   101.15848
     0.34325754    93.97177    96.11791    96.21075    96.71130    97.79839    98.04189    98.19811    98.24826    98.51354    98.69581   100.71107   101.15926
     0.34463979    93.99907    96.12303    96.21236    96.71893    97.78601    98.04542    98.19522    98.25260    98.51634    98.69326   100.71140   101.16013
     0.34602205    94.02834    96.12817    96.21454    96.72720    97.77312    98.04884    98.19110    98.25812    98.51931    98.69047   100.71175   101.16108
     0.34740430    94.05938    96.13311    96.21749    96.73608    97.75981    98.05212    98.18599    98.26455    98.52244    98.68745   100.71213   101.16210
     0.34878655    94.09204    96.13758    96.22142    96.74552    97.74615    98.05523    98.18009    98.27167    98.52568    98.68422   100.71252   101.16321
     0.35016881    94.12616    96.14134    96.22656    96.75546    97.73219    98.05815    98.17356    98.27930    98.52902    98.68079   100.71293   101.16439
     0.35155106    94.16160    96.14416    96.23307    96.76587    97.71800    98.06083    98.16655    98.28730    98.53240    98.67718   100.71336   101.16564
     0.35293331    94.19822    96.14591    96.24104    96.77669    97.70362    98.06319    98.15923    98.29558    98.53579    98.67342   100.71379   101.16695
     0.35431556    94.23591    96.14654    96.25046    96.78787    97.68910    98.06511    98.15180    98.30405    98.53915    98.66953   100.71423   101.16833
     0.35569782    94.27454    96.14607    96.26126    96.79935    97.67448    98.06638    98.14451    98.31263    98.54243    98.66556   100.71468   101.16976
     0.35708007    94.31401    96.14455    96.27331    96.81109    97.65981    98.06669    98.13774    98.32126    98.54557    98.66154   100.71512   101.17125
     0.35846232    94.35423    96.14206    96.28649    96.82303    97.64511    98.06561    98.13195    98.32990    98.54849    98.65755   100.71557   101.17279
     0.35984457    94.39511    96.13865    96.30068    96.83512    97.63043    98.06268    98.12765    98.33851    98.55113    98.65364   100.71601   101.17436
     0.36122683    94.43655    96.13434    96.31576    96.84731    97.61580    98.05759    98.12518    98.34704    98.55338    98.64992   100.71645   101.17598
     0.36260908    94.47848    96.12916    96.33164    96.85956    97.60126    98.05036    98.12455    98.35546    98.55512    98.64648   100.71688   101.17762
     0.36399133    94.52083    96.12311    96.34824    96.87181    97.58685    98.04130    98.12551    98.36375    98.55625    98.64344   100.71730   101.17930
     0.36537359    94.56352    96.11620    96.36546    96.88402    97.57259    98.03080    98.12769    98.37187    98.55663    98.64091   100.71770   101.18099
     0.36675584    94.60648    96.10840    96.38324    96.89614    97.55852    98.01918    98.13081    98.37979    98.55616    98.63902   100.71810   101.18269
     0.36813809    94.64966    96.09971    96.40149    96.90813    97.54467    98.00671    98.13463    98.38749    98.55477    98.63781   100.71847   101.18439
     0.36952034    94.69298    96.09008    96.42015    96.91995    97.53109    97.99358    98.13902    98.39495    98.55245    98.63732   100.71884   101.18610
     0.37090260    94.73638    96.07951    96.43914    96.93157    97.51779    97.97992    98.14387    98.40214    98.54923    98.63750   100.71918   101.18780
     0.37228485    94.77982    96.06797    96.45839    96.94294    97.50481    97.96584    98.14911    98.40903    98.54521    98.63827   100.71951   101.18948
     0.37366710    94.82322    96.05543    96.47780    96.95404    97.49219    97.95145    98.15470    98.41560    98.54051    98.63954   100.71982   101.19114
     0.37504935    94.86653    96.04187    96.49729    96.96483    97.47996    97.93683    98.16058    98.42181    98.53526    98.64119   100.72011   101.19277
     0.37643161    94.90970    96.02727    96.51678    96.97527    97.46814    97.92206    98.16672    98.42762    98.52960    98.64313   100.72039   101.19436
     0.37781386    94.95267    96.01162    96.53616    96.98535    97.45676    97.90724    98.17310    98.43298    98.52366    98.64525   100.72064   101.19590
     0.37919611    94.99538    95.99491    96.55534    96.99503    97.44586    97.89245    98.17968    98.43782    98.51760    98.64749   100.72088   101.19740
     0.38057837    95.03776    95.97712    96.57420    97.00428    97.43547    97.87779    98.18641    98.44204    98.51158    98.64978   100.72109   101.19883
     0.38196062    95.07977    95.95826    96.59263    97.01308    97.42561    97.86335    98.19328    98.44548    98.50583    98.65206   100.72129   101.20020
     0.38334287    95.12132    95.93835    96.61050    97.02140    97.41631    97.84924    98.20022    98.44796    98.50060    98.65431   100.72147   101.20150
     0.38472512    95.16236    95.91740    96.62769    97.02922    97.40760    97.83557    98.20720    98.44919    98.49624    98.65648   100.72164   101.20272
     0.38610738    95.20280    95.89546    96.64406    97.03649    97.39951    97.82247    98.21414    98.44893    98.49304    98.65853   100.72179   101.20386
     0.38748963    95.24253    95.87256    96.65947    97.04321    97.39207    97.81005    98.22100    98.44713    98.49116    98.66046   100.72192   101.20490
     0.38887188    95.28146    95.84880    96.67377    97.04933    97.38531    97.79846    98.22767    98.44399    98.49045    98.66223   100.72203   101.20585
     0.39025413    95.31942    95.82429    96.68684    97.05482    97.37926    97.78782    98.23407    98.43997    98.49059    98.66382   100.72213   101.20670
     0.39163639    95.35620    95.79922    96.69851    97.05966    97.37395    97.77825    98.24008    98.43552    98.49120    98.66524   100.72222   101.20745
     0.39301864    95.39148    95.77389    96.70866    97.06381    97.36940    97.76990    98.24556    98.43105    98.49202    98.66645   100.72229   101.20808
     0.39440089    95.42475    95.74878    96.71717    97.06726    97.36563    97.76288    98.25037    98.42691    98.49286    98.66746   100.72235   101.20861
     0.39578315    95.45510    95.72480    96.72391    97.06996    97.36268    97.75730    98.25435    98.42336    98.49361    98.66825   100.72240   101.20902
     0.39716540    95.48087    95.70358    96.72879    97.07191    97.36056    97.75324    98.25734    98.42063    98.49419    98.66881   100.72243   101.20932
     0.39854765    95.49916    95.68804    96.73175    97.07309    97.35928    97.75078    98.25920    98.41892    98.49455    98.66916   100.72245   101.20950
     0.39992990    95.50598    95.68213    96.73274    97.07348    97.35885    97.74995    98.25983    98.41834    98.49467    98.66927   100.72245   101.20956
     0.39992990    95.50598    95.68213    96.73274    97.07348    97.35885    97.74995    98.25983    98.41834    98.49467    98.66927   100.72245   101.20956
     0.40197253    95.49786    95.68693    96.73244    97.07316    97.35946    97.75084    98.25923    98.41886    98.49445    98.66906   100.72240   101.20939
     0.40401515    95.47551    95.69936    96.73156    97.07220    97.36124    97.75346    98.25749    98.42039    98.49380    98.66844   100.72225   101.20890
     0.40605777    95.44255    95.71590    96.73021    97.07064    97.36415    97.75772    98.25472    98.42280    98.49274    98.66743   100.72199   101.20808
     0.40810039    95.40162    95.73411    96.72855    97.06853    97.36808    97.76346    98.25112    98.42587    98.49131    98.66602   100.72164   101.20696
     0.41014302    95.35417    95.75277    96.72676    97.06592    97.37293    97.77047    98.24691    98.42937    98.48958    98.66427   100.72119   101.20554
     0.41218564    95.30106    95.77141    96.72505    97.06286    97.37861    97.77851    98.24230    98.43301    98.48764    98.66219   100.72066   101.20385
     0.41422826    95.24287    95.78989    96.72360    97.05936    97.38502    97.78731    98.23751    98.43647    98.48566    98.65982   100.72004   101.20192
     0.41627088    95.18011    95.80822    96.72258    97.05546    97.39211    97.79660    98.23275    98.43939    98.48386    98.65722   100.71936   101.19976
     0.41831351    95.11332    95.82649    96.72213    97.05115    97.39983    97.80612    98.22817    98.44136    98.48253    98.65442   100.71862   101.19741
     0.42035613    95.04315    95.84483    96.72233    97.04644    97.40814    97.81562    98.22392    98.44201    98.48195    98.65150   100.71782   101.19491
     0.42239875    94.97034    95.86334    96.72324    97.04132    97.41703    97.82488    98.22010    98.44113    98.48228    98.64851   100.71698   101.19228
     0.42444137    94.89577    95.88211    96.72486    97.03580    97.42648    97.83372    98.21680    98.43879    98.48341    98.64551   100.71612   101.18955
     0.42648400    94.82047    95.90125    96.72718    97.02989    97.43647    97.84199    98.21405    98.43527    98.48505    98.64256   100.71523   101.18677
     0.42852662    94.74568    95.92079    96.73016    97.02362    97.44697    97.84959    98.21184    98.43090    98.48692    98.63974   100.71434   101.18395
     0.43056924    94.67279    95.94079    96.73371    97.01702    97.45796    97.85647    98.21013    98.42596    98.48875    98.63710   100.71346   101.18114
     0.43261187    94.60336    95.96125    96.73774    97.01018    97.46940    97.86260    98.20882    98.42071    98.49038    98.63469   100.71259   101.17836
     0.43465449    94.53896    95.98218    96.74214    97.00316    97.48123    97.86801    98.20780    98.41535    98.49172    98.63256   100.71174   101.17563
     0.43669711    94.48103    96.00356    96.74677    96.99611    97.49340    97.87274    98.20688    98.41010    98.49271    98.63074   100.71093   101.17299
     0.43873973    94.43058    96.02535    96.75147    96.98916    97.50583    97.87688    98.20588    98.40514    98.49333    98.62926   100.71016   101.17044
     0.44078236    94.38797    96.04751    96.75604    96.98250    97.51846    97.88051    98.20458    98.40066    98.49361    98.62812   100.70945   101.16802
     0.44282498    94.35287    96.06996    96.76027    96.97637    97.53118    97.88373    98.20277    98.39682    98.49357    98.62732   100.70880   101.16573
     0.44486760    94.32447    96.09264    96.76390    96.97102    97.54393    97.88664    98.20026    98.39376    98.49328    98.62683   100.70821   101.16359
     0.44691022    94.30172    96.11547    96.76669    96.96675    97.55660    97.88933    98.19689    98.39160    98.49280    98.62665   100.70769   101.16160
     0.44895285    94.28358    96.13835    96.76834    96.96386    97.56911    97.89189    98.19257    98.39039    98.49220    98.62675   100.70725   101.15977
     0.45099547    94.26914    96.16119    96.76864    96.96260    97.58136    97.89440    98.18726    98.39012    98.49156    98.62709   100.70689   101.15811
     0.45303809    94.25764    96.18389    96.76742    96.96318    97.59327    97.89690    98.18101    98.39073    98.49095    98.62764   100.70660   101.15661
     0.45508071    94.24852    96.20636    96.76462    96.96569    97.60475    97.89944    98.17389    98.39213    98.49044    98.62838   100.70639   101.15528
     0.45712334    94.24130    96.22849    96.76030    96.97010    97.61572    97.90204    98.16604    98.39417    98.49009    98.62927   100.70625   101.15410
     0.45916596    94.23564    96.25017    96.75462    96.97629    97.62613    97.90468    98.15762    98.39672    98.48996    98.63030   100.70619   101.15308
     0.46120858    94.23127    96.27133    96.74777    96.98409    97.63590    97.90736    98.14881    98.39962    98.49009    98.63144   100.70620   101.15221
     0.46325120    94.22797    96.29187    96.74001    96.99327    97.64499    97.91003    98.13978    98.40275    98.49052    98.63268   100.70628   101.15148
     0.46529383    94.22556    96.31170    96.73155    97.00361    97.65336    97.91261    98.13073    98.40597    98.49126    98.63398   100.70641   101.15088
     0.46733645    94.22390    96.33075    96.72261    97.01489    97.66098    97.91503    98.12183    98.40918    98.49232    98.63534   100.70660   101.15040
     0.46937907    94.22287    96.34895    96.71338    97.02693    97.66785    97.91720    98.11328    98.41232    98.49370    98.63674   100.70684   101.15002
     0.47142169    94.22237    96.36624    96.70404    97.03952    97.67394    97.91902    98.10523    98.41531    98.49535    98.63816   100.70711   101.14975
     0.47346432    94.22230    96.38257    96.69471    97.05249    97.67927    97.92038    98.09785    98.41813    98.49725    98.63958   100.70742   101.14956
     0.47550694    94.22258    96.39790    96.68554    97.06567    97.68384    97.92122    98.09127    98.42076    98.49933    98.64100   100.70775   101.14944
     0.47754956    94.22315    96.41220    96.67662    97.07888    97.68768    97.92149    98.08558    98.42317    98.50155    98.64239   100.70809   101.14939
     0.47959218    94.22392    96.42543    96.66805    97.09195    97.69081    97.92117    98.08082    98.42539    98.50384    98.64374   100.70845   101.14938
     0.48163481    94.22485    96.43759    96.65991    97.10471    97.69326    97.92032    98.07699    98.42740    98.50613    98.64504   100.70880   101.14942
     0.48367743    94.22587    96.44865    96.65229    97.11699    97.69509    97.91900    98.07404    98.42923    98.50837    98.64627   100.70914   101.14949
     0.48572005    94.22692    96.45860    96.64524    97.12862    97.69636    97.91735    98.07187    98.43086    98.51050    98.64742   100.70947   101.14958
     0.48776267    94.22797    96.46743    96.63883    97.13942    97.69715    97.91550    98.07035    98.43231    98.51248    98.64847   100.70978   101.14968
     0.48980530    94.22897    96.47514    96.63312    97.14921    97.69753    97.91359    98.06937    98.43358    98.51427    98.64941   100.71006   101.14979
     0.49184792    94.22988    96.48171    96.62817    97.15784    97.69762    97.91176    98.06878    98.43466    98.51583    98.65023   100.71031   101.14989
     0.49389054    94.23067    96.48712    96.62402    97.16514    97.69750    97.91011    98.06846    98.43555    98.51714    98.65091   100.71052   101.14998
     0.49593316    94.23131    96.49136    96.62073    97.17098    97.69728    97.90875    98.06832    98.43625    98.51818    98.65146   100.71068   101.15006
     0.49797579    94.23178    96.49441    96.61834    97.17524    97.69705    97.90773    98.06828    98.43676    98.51893    98.65185   100.71080   101.15012
     0.50001841    94.23208    96.49625    96.61689    97.17783    97.69688    97.90710    98.06827    98.43706    98.51938    98.65209   100.71088   101.15015
     0.50206103    94.23217    96.49686    96.61641    97.17870    97.69682    97.90689    98.06827    98.43716    98.51954    98.65217   100.71090   101.15016
