     0.00000000    95.28355    96.63147    96.97645    97.53952    97.85081    98.22524    98.47950    98.59573    98.91113    99.03793   100.89656   102.56420
     0.00138225    95.28335    96.63225    96.97660    97.53948    97.85082    98.22519    98.47962    98.59589    98.91099    99.03776   100.89653   102.56420
     0.00276451    95.28275    96.63457    96.97705    97.53938    97.85085    98.22503    98.47997    98.59635    98.91058    99.03723   100.89645   102.56421
     0.00414676    95.28177    96.63842    96.97779    97.53921    97.85091    98.22476    98.48057    98.59712    98.90988    99.03636   100.89632   102.56423
     0.00552901    95.28042    96.64376    96.97882    97.53897    97.85098    98.22438    98.48140    98.59819    98.90891    99.03513   100.89614   102.56426
     0.00691126    95.27873    96.65054    96.98013    97.53866    97.85107    98.22388    98.48249    98.59954    98.90766    99.03357   100.89590   102.56430
     0.00829352    95.27672    96.65869    96.98173    97.53827    97.85117    98.22327    98.48383    98.60117    98.90613    99.03167   100.89562   102.56434
     0.00967577    95.27444    96.66815    96.98359    97.53780    97.85129    98.22253    98.48541    98.60306    98.90433    99.02943   100.89528   102.56439
     0.01105802    95.27192    96.67882    96.98572    97.53724    97.85142    98.22167    98.48726    98.60520    98.90226    99.02687   100.89490   102.56445
     0.01244027    95.26920    96.69060    96.98809    97.53660    97.85155    98.22068    98.48935    98.60756    98.89991    99.02398   100.89446   102.56452
     0.01382253    95.26631    96.70340    96.99072    97.53586    97.85169    98.21957    98.49169    98.61013    98.89730    99.02079   100.89398   102.56459
     0.01520478    95.26331    96.71709    96.99357    97.53502    97.85184    98.21832    98.49427    98.61290    98.89442    99.01730   100.89346   102.56466
     0.01658703    95.26024    96.73156    96.99666    97.53408    97.85198    98.21695    98.49706    98.61585    98.89129    99.01352   100.89289   102.56475
     0.01796929    95.25713    96.74667    96.99998    97.53303    97.85213    98.21546    98.50006    98.61895    98.88791    99.00947   100.89229   102.56484
     0.01935154    95.25402    96.76228    97.00352    97.53185    97.85227    98.21386    98.50323    98.62219    98.88430    99.00516   100.89164   102.56493
     0.02073379    95.25096    96.77823    97.00731    97.53056    97.85242    98.21214    98.50654    98.62555    98.88047    99.00061   100.89095   102.56503
     0.02211604    95.24798    96.79435    97.01135    97.52914    97.85258    98.21033    98.50997    98.62902    98.87643    98.99584   100.89023   102.56513
     0.02349830    95.24512    96.81046    97.01568    97.52758    97.85275    98.20843    98.51345    98.63257    98.87221    98.99086   100.88948   102.56524
     0.02488055    95.24242    96.82634    97.02036    97.52590    97.85293    98.20645    98.51696    98.63619    98.86784    98.98571   100.88870   102.56535
     0.02626280    95.23993    96.84176    97.02544    97.52408    97.85314    98.20440    98.52043    98.63985    98.86335    98.98039   100.88789   102.56546
     0.02764505    95.23769    96.85647    97.03104    97.52214    97.85338    98.20231    98.52382    98.64354    98.85878    98.97494   100.88706   102.56557
     0.02902731    95.23576    96.87017    97.03725    97.52008    97.85366    98.20018    98.52707    98.64722    98.85418    98.96938   100.88620   102.56569
     0.03040956    95.23422    96.88257    97.04420    97.51790    97.85400    98.19802    98.53011    98.65086    98.84959    98.96372   100.88533   102.56581
     0.03179181    95.23318    96.89336    97.05201    97.51564    97.85442    98.19585    98.53290    98.65445    98.84510    98.95801   100.88445   102.56592
     0.03317407    95.23278    96.90228    97.06077    97.51330    97.85492    98.19367    98.53536    98.65793    98.84075    98.95225   100.88355   102.56604
     0.03455632    95.23325    96.90913    97.07048    97.51091    97.85552    98.19151    98.53746    98.66128    98.83661    98.94648   100.88265   102.56616
     0.03593857    95.23497    96.91377    97.08108    97.50851    97.85624    98.18937    98.53912    98.66446    98.83278    98.94073   100.88174   102.56628
     0.03732082    95.23851    96.91614    97.09244    97.50612    97.85710    98.18726    98.54031    98.66743    98.82931    98.93501   100.88084   102.56639
     0.03870308    95.24488    96.91625    97.10437    97.50380    97.85811    98.18519    98.54098    98.67015    98.82627    98.92934   100.87993   102.56651
     0.04008533    95.25566    96.91411    97.11665    97.50158    97.85928    98.18317    98.54110    98.67262    98.82373    98.92377   100.87904   102.56662
     0.04146758    95.27300    96.90977    97.12906    97.49951    97.86064    98.18120    98.54065    98.67479    98.82171    98.91830   100.87815   102.56673
     0.04284983    95.29875    96.90324    97.14142    97.49762    97.86219    98.17928    98.53963    98.67668    98.82024    98.91297   100.87728   102.56684
     0.04423209    95.33302    96.89453    97.15354    97.49596    97.86393    98.17743    98.53803    98.67829    98.81932    98.90781   100.87643   102.56694
     0.04561434    95.37417    96.88365    97.16529    97.49456    97.86587    98.17564    98.53588    98.67964    98.81892    98.90282   100.87560   102.56704
     0.04699659    95.42009    96.87060    97.17656    97.49344    97.86800    98.17392    98.53322    98.68076    98.81899    98.89805   100.87479   102.56714
     0.04837885    95.46915    96.85539    97.18724    97.49262    97.87031    98.17228    98.53011    98.68167    98.81947    98.89353   100.87402   102.56723
     0.04976110    95.52024    96.83803    97.19728    97.49209    97.87279    98.17070    98.52661    98.68243    98.82026    98.88927   100.87328   102.56732
     0.05114335    95.57258    96.81854    97.20663    97.49184    97.87541    98.16920    98.52280    98.68304    98.82128    98.88532   100.87257   102.56741
     0.05252560    95.62563    96.79699    97.21525    97.49185    97.87814    98.16778    98.51877    98.68356    98.82245    98.88170   100.87190   102.56748
     0.05390786    95.67896    96.77345    97.22314    97.49209    97.88094    98.16644    98.51461    98.68400    98.82366    98.87843   100.87128   102.56756
     0.05529011    95.73217    96.74804    97.23028    97.49252    97.88377    98.16519    98.51042    98.68437    98.82484    98.87556   100.87069   102.56763
     0.05667236    95.78490    96.72094    97.23668    97.49309    97.88658    98.16403    98.50628    98.68470    98.82592    98.87309   100.87016   102.56769
     0.05805461    95.83673    96.69239    97.24236    97.49376    97.88930    98.16296    98.50230    98.68498    98.82683    98.87104   100.86967   102.56774
     0.05943687    95.88721    96.66271    97.24731    97.49448    97.89189    98.16200    98.49856    98.68523    98.82756    98.86940   100.86924   102.56779
     0.06081912    95.93576    96.63237    97.25157    97.49520    97.89429    98.16114    98.49515    98.68545    98.82809    98.86813   100.86886   102.56784
     0.06220137    95.98162    96.60206    97.25514    97.49588    97.89643    98.16040    98.49212    98.68564    98.82843    98.86721   100.86854   102.56787
     0.06358363    96.02372    96.57276    97.25804    97.49649    97.89827    98.15979    98.48956    98.68580    98.82862    98.86657   100.86827   102.56790
     0.06496588    96.06054    96.54595    97.26028    97.49700    97.89975    98.15930    98.48750    98.68592    98.82871    98.86616   100.86806   102.56793
     0.06634813    96.08997    96.52370    97.26187    97.49738    97.90084    98.15895    98.48600    98.68601    98.82873    98.86590   100.86791   102.56794
     0.06773038    96.10935    96.50864    97.26282    97.49761    97.90151    98.15873    98.48509    98.68606    98.82873    98.86577   100.86782   102.56795
     0.06911264    96.11617    96.50326    97.26314    97.49769    97.90173    98.15866    98.48479    98.68608    98.82873    98.86573   100.86779   102.56796
     0.06911264    96.11617    96.50326    97.26314    97.49769    97.90173    98.15866    98.48479    98.68608    98.82873    98.86573   100.86779   102.56796
     0.07133214    96.10951    96.50858    97.26286    97.49749    97.90134    98.15952    98.48481    98.68602    98.82887    98.86575   100.86788   102.56809
     0.07355165    96.09067    96.52340    97.26204    97.49691    97.90017    98.16205    98.48487    98.68584    98.82927    98.86580   100.86815   102.56847
     0.07577115    96.06225    96.54506    97.26078    97.49600    97.89823    98.16614    98.48499    98.68556    98.82993    98.86589   100.86859   102.56911
     0.07799066    96.02701    96.57070    97.25921    97.49481    97.89557    98.17161    98.48519    98.68518    98.83084    98.86605   100.86921   102.57000
     0.08021016    95.98719    96.59795    97.25756    97.49344    97.89222    98.17824    98.48551    98.68473    98.83196    98.86630   100.87000   102.57113
     0.08242967    95.94441    96.62505    97.25607    97.49196    97.88823    98.18577    98.48599    98.68425    98.83324    98.86670   100.87095   102.57248
     0.08464917    95.89983    96.65069    97.25507    97.49041    97.88365    98.19391    98.48665    98.68380    98.83462    98.86731   100.87208   102.57406
     0.08686868    95.85431    96.67386    97.25486    97.48884    97.87854    98.20236    98.48754    98.68343    98.83600    98.86821   100.87336   102.57583
     0.08908818    95.80850    96.69383    97.25579    97.48724    97.87298    98.21084    98.48868    98.68322    98.83728    98.86951   100.87479   102.57780
     0.09130769    95.76293    96.71007    97.25810    97.48559    97.86702    98.21909    98.49008    98.68327    98.83834    98.87130   100.87638   102.57994
     0.09352719    95.71810    96.72225    97.26197    97.48382    97.86075    98.22686    98.49173    98.68365    98.83910    98.87367   100.87810   102.58223
     0.09574670    95.67445    96.73026    97.26741    97.48186    97.85426    98.23398    98.49361    98.68449    98.83949    98.87664   100.87994   102.58465
     0.09796620    95.63248    96.73419    97.27433    97.47959    97.84764    98.24030    98.49564    98.68586    98.83951    98.88022   100.88191   102.58719
     0.10018571    95.59270    96.73430    97.28244    97.47691    97.84098    98.24575    98.49776    98.68784    98.83918    98.88436   100.88399   102.58981
     0.10240521    95.55571    96.73098    97.29140    97.47372    97.83435    98.25029    98.49986    98.69049    98.83858    98.88900   100.88616   102.59251
     0.10462471    95.52215    96.72467    97.30074    97.46994    97.82784    98.25397    98.50186    98.69381    98.83776    98.89407   100.88842   102.59526
     0.10684422    95.49270    96.71587    97.30998    97.46557    97.82150    98.25685    98.50367    98.69776    98.83680    98.89951   100.89074   102.59804
     0.10906372    95.46792    96.70505    97.31856    97.46068    97.81535    98.25905    98.50522    98.70227    98.83578    98.90526   100.89312   102.60083
     0.11128323    95.44805    96.69267    97.32585    97.45551    97.80941    98.26070    98.50646    98.70720    98.83481    98.91126   100.89553   102.60362
     0.11350273    95.43293    96.67913    97.33114    97.45045    97.80365    98.26196    98.50737    98.71237    98.83399    98.91747   100.89797   102.60637
     0.11572224    95.42193    96.66480    97.33364    97.44607    97.79804    98.26296    98.50796    98.71754    98.83344    98.92384   100.90041   102.60908
     0.11794174    95.41419    96.65001    97.33259    97.44297    97.79253    98.26385    98.50823    98.72248    98.83333    98.93034   100.90284   102.61173
     0.12016125    95.40880    96.63506    97.32753    97.44150    97.78708    98.26475    98.50822    98.72690    98.83380    98.93694   100.90523   102.61431
     0.12238075    95.40494    96.62019    97.31849    97.44159    97.78166    98.26577    98.50796    98.73055    98.83500    98.94359   100.90757   102.61680
     0.12460026    95.40195    96.60564    97.30589    97.44279    97.77626    98.26697    98.50748    98.73323    98.83706    98.95028   100.90985   102.61920
     0.12681976    95.39931    96.59162    97.29035    97.44450    97.77093    98.26843    98.50681    98.73479    98.84004    98.95698   100.91204   102.62150
     0.12903927    95.39659    96.57830    97.27242    97.44616    97.76572    98.27016    98.50599    98.73519    98.84391    98.96365   100.91412   102.62368
     0.13125877    95.39349    96.56584    97.25256    97.44732    97.76074    98.27217    98.50505    98.73445    98.84859    98.97027   100.91609   102.62575
     0.13347828    95.38977    96.55440    97.23115    97.44765    97.75612    98.27446    98.50402    98.73269    98.85394    98.97682   100.91792   102.62770
     0.13569778    95.38524    96.54409    97.20849    97.44688    97.75201    98.27698    98.50291    98.73003    98.85980    98.98328   100.91959   102.62954
     0.13791729    95.37976    96.53501    97.18481    97.44483    97.74855    98.27972    98.50175    98.72661    98.86603    98.98963   100.92110   102.63126
     0.14013679    95.37325    96.52726    97.16034    97.44138    97.74587    98.28261    98.50056    98.72255    98.87250    98.99584   100.92243   102.63286
     0.14235630    95.36565    96.52091    97.13524    97.43648    97.74407    98.28562    98.49937    98.71796    98.87909    99.00190   100.92356   102.63435
     0.14457580    95.35695    96.51599    97.10970    97.43014    97.74319    98.28870    98.49819    98.71295    98.88572    99.00780   100.92449   102.63574
     0.14679531    95.34716    96.51255    97.08387    97.42242    97.74325    98.29181    98.49703    98.70760    98.89232    99.01350   100.92522   102.63702
     0.14901481    95.33634    96.51058    97.05789    97.41346    97.74423    98.29491    98.49593    98.70198    98.89885    99.01900   100.92572   102.63820
     0.15123432    95.32457    96.51010    97.03190    97.40339    97.74606    98.29795    98.49489    98.69616    98.90525    99.02429   100.92601   102.63929
     0.15345382    95.31199    96.51106    97.00605    97.39239    97.74866    98.30093    98.49393    98.69019    98.91150    99.02934   100.92607   102.64029
     0.15567333    95.29875    96.51344    96.98046    97.38066    97.75194    98.30380    98.49306    98.68412    98.91757    99.03415   100.92590   102.64122
     0.15789283    95.28504    96.51717    96.95525    97.36839    97.75578    98.30657    98.49230    98.67801    98.92343    99.03872   100.92551   102.64207
     0.16011234    95.27109    96.52218    96.93057    97.35575    97.76009    98.30920    98.49164    98.67191    98.92908    99.04302   100.92489   102.64286
     0.16233184    95.25716    96.52839    96.90654    97.34294    97.76477    98.31171    98.49111    98.66585    98.93448    99.04706   100.92406   102.64358
     0.16455135    95.24355    96.53568    96.88329    97.33012    97.76973    98.31410    98.49069    98.65988    98.93963    99.05082   100.92301   102.64424
     0.16677085    95.23057    96.54393    96.86096    97.31744    97.77488    98.31635    98.49038    98.65404    98.94451    99.05432   100.92176   102.64485
     0.16899036    95.21858    96.55298    96.83971    97.30507    97.78014    98.31850    98.49018    98.64839    98.94909    99.05755   100.92032   102.64540
     0.17120986    95.20793    96.56265    96.81972    97.29313    97.78542    98.32054    98.49007    98.64295    98.95335    99.06052   100.91870   102.64591
     0.17342937    95.19899    96.57270    96.80121    97.28177    97.79066    98.32249    98.49003    98.63778    98.95729    99.06322   100.91690   102.64636
     0.17564887    95.19212    96.58280    96.78449    97.27111    97.79579    98.32436    98.49005    98.63291    98.96086    99.06567   100.91495   102.64677
     0.17786838    95.18764    96.59255    96.76992    97.26126    97.80074    98.32616    98.49010    98.62839    98.96406    99.06787   100.91285   102.64714
     0.18008788    95.18584    96.60136    96.75807    97.25234    97.80544    98.32791    98.49015    98.62425    98.96686    99.06985   100.91063   102.64746
     0.18008788    95.18584    96.60136    96.75807    97.25234    97.80544    98.32791    98.49015    98.62425    98.96686    99.06985   100.91063   102.64746
     0.18147013    95.18837    96.60034    96.76294    97.26376    97.79619    98.32023    98.49012    98.62792    98.96837    99.06965   100.91106   102.64742
     0.18285239    95.19297    96.60002    96.76906    97.27536    97.78753    98.31241    98.49010    98.63166    98.96962    99.06916   100.91144   102.64742
     0.18423464    95.19962    96.60050    96.77634    97.28706    97.77953    98.30445    98.49009    98.63545    98.97063    99.06838   100.91177   102.64744
     0.18561689    95.20826    96.60185    96.78467    97.29877    97.77229    98.29637    98.49008    98.63928    98.97139    99.06734   100.91206   102.64750
     0.18699914    95.21885    96.60415    96.79397    97.31042    97.76587    98.28817    98.49008    98.64311    98.97190    99.06603   100.91231   102.64759
     0.18838140    95.23128    96.60745    96.80415    97.32189    97.76038    98.27986    98.49008    98.64694    98.97217    99.06446   100.91250   102.64772
     0.18976365    95.24547    96.61178    96.81513    97.33311    97.75591    98.27144    98.49007    98.65073    98.97218    99.06265   100.91265   102.64787
     0.19114590    95.26129    96.61716    96.82681    97.34397    97.75257    98.26291    98.49004    98.65449    98.97193    99.06061   100.91275   102.64805
     0.19252816    95.27861    96.62361    96.83912    97.35438    97.75047    98.25427    98.48997    98.65818    98.97143    99.05836   100.91280   102.64827
     0.19391041    95.29731    96.63111    96.85197    97.36424    97.74972    98.24552    98.48986    98.66180    98.97067    99.05591   100.91280   102.64851
     0.19529266    95.31724    96.63967    96.86528    97.37349    97.75041    98.23667    98.48969    98.66533    98.96964    99.05328   100.91275   102.64878
     0.19667491    95.33828    96.64924    96.87896    97.38207    97.75262    98.22771    98.48944    98.66875    98.96835    99.05049   100.91265   102.64908
     0.19805717    95.36030    96.65978    96.89292    97.38997    97.75641    98.21865    98.48908    98.67206    98.96679    99.04757   100.91250   102.64941
     0.19943942    95.38315    96.67123    96.90707    97.39720    97.76180    98.20949    98.48861    98.67522    98.96496    99.04452   100.91230   102.64975
     0.20082167    95.40674    96.68352    96.92133    97.40382    97.76877    98.20025    98.48799    98.67824    98.96285    99.04138   100.91205   102.65013
     0.20220392    95.43094    96.69657    96.93561    97.40992    97.77727    98.19094    98.48720    98.68108    98.96047    99.03817   100.91175   102.65052
     0.20358618    95.45566    96.71025    96.94983    97.41565    97.78723    98.18157    98.48621    98.68375    98.95782    99.03490   100.91140   102.65093
     0.20496843    95.48079    96.72443    96.96392    97.42118    97.79852    98.17218    98.48499    98.68621    98.95490    99.03159   100.91101   102.65136
     0.20635068    95.50626    96.73896    96.97782    97.42667    97.81101    98.16280    98.48352    98.68845    98.95174    99.02825   100.91056   102.65181
     0.20773294    95.53198    96.75364    96.99153    97.43233    97.82452    98.15349    98.48177    98.69046    98.94834    99.02491   100.91007   102.65228
     0.20911519    95.55788    96.76823    97.00505    97.43835    97.83889    98.14431    98.47970    98.69221    98.94472    99.02157   100.90954   102.65275
     0.21049744    95.58390    96.78248    97.01844    97.44488    97.85390    98.13537    98.47729    98.69369    98.94090    99.01823   100.90896   102.65324
     0.21187969    95.60998    96.79607    97.03183    97.45207    97.86932    98.12680    98.47451    98.69489    98.93692    99.01490   100.90834   102.65374
     0.21326195    95.63606    96.80867    97.04540    97.46001    97.88489    98.11878    98.47133    98.69578    98.93280    99.01158   100.90769   102.65424
     0.21464420    95.66211    96.81991    97.05936    97.46876    97.90029    98.11157    98.46772    98.69635    98.92858    99.00828   100.90699   102.65475
     0.21602645    95.68807    96.82946    97.07395    97.47831    97.91511    98.10551    98.46366    98.69658    98.92428    99.00498   100.90627   102.65526
     0.21740870    95.71391    96.83701    97.08941    97.48861    97.92886    98.10108    98.45914    98.69646    98.91994    99.00168   100.90550   102.65577
     0.21879096    95.73958    96.84232    97.10593    97.49955    97.94095    98.09883    98.45414    98.69599    98.91560    98.99837   100.90472   102.65628
     0.22017321    95.76505    96.84528    97.12362    97.51097    97.95081    98.09938    98.44866    98.69514    98.91128    98.99506   100.90390   102.65679
     0.22155546    95.79029    96.84584    97.14249    97.52266    97.95802    98.10316    98.44272    98.69392    98.90702    98.99172   100.90306   102.65729
     0.22293772    95.81525    96.84408    97.16250    97.53438    97.96257    98.11024    98.43633    98.69232    98.90283    98.98837   100.90220   102.65779
     0.22431997    95.83990    96.84013    97.18353    97.54585    97.96489    98.12023    98.42956    98.69034    98.89873    98.98499   100.90132   102.65827
     0.22570222    95.86421    96.83416    97.20541    97.55676    97.96576    98.13248    98.42247    98.68798    98.89474    98.98157   100.90044   102.65875
     0.22708447    95.88812    96.82637    97.22796    97.56681    97.96599    98.14619    98.41519    98.68526    98.89086    98.97812   100.89954   102.65921
     0.22846673    95.91160    96.81695    97.25094    97.57568    97.96634    98.16065    98.40790    98.68217    98.88711    98.97463   100.89863   102.65966
     0.22984898    95.93460    96.80611    97.27414    97.58310    97.96743    98.17519    98.40084    98.67873    98.88347    98.97110   100.89773   102.66009
     0.23123123    95.95706    96.79404    97.29730    97.58888    97.96973    98.18914    98.39438    98.67496    98.87995    98.96752   100.89682   102.66050
     0.23261348    95.97892    96.78092    97.32012    97.59295    97.97353    98.20182    98.38902    98.67088    98.87653    98.96390   100.89593   102.66089
     0.23399574    96.00010    96.76692    97.34224    97.59538    97.97899    98.21250    98.38536    98.66650    98.87322    98.96024   100.89504   102.66126
     0.23537799    96.02051    96.75224    97.36320    97.59649    97.98609    98.22045    98.38410    98.66185    98.86999    98.95654   100.89416   102.66161
     0.23676024    96.04007    96.73704    97.38240    97.59680    97.99466    98.22512    98.38578    98.65698    98.86684    98.95281   100.89331   102.66193
     0.23814250    96.05864    96.72152    97.39905    97.59713    98.00442    98.22643    98.39058    98.65191    98.86376    98.94905   100.89247   102.66223
     0.23952475    96.07610    96.70587    97.41220    97.59849    98.01492    98.22483    98.39822    98.64670    98.86072    98.94528   100.89167   102.66250
     0.24090700    96.09227    96.69031    97.42087    97.60195    98.02562    98.22123    98.40806    98.64143    98.85773    98.94149   100.89089   102.66274
     0.24228925    96.10697    96.67508    97.42436    97.60829    98.03582    98.21678    98.41937    98.63617    98.85478    98.93772   100.89014   102.66295
     0.24367151    96.11998    96.66043    97.42257    97.61765    98.04467    98.21276    98.43144    98.63105    98.85184    98.93397   100.88943   102.66314
     0.24505376    96.13104    96.64665    97.41604    97.62952    98.05123    98.21045    98.44365    98.62622    98.84893    98.93027   100.88877   102.66329
     0.24643601    96.13991    96.63404    97.40560    97.64303    98.05471    98.21096    98.45546    98.62191    98.84604    98.92663   100.88814   102.66342
     0.24781826    96.14629    96.62291    97.39208    97.65726    98.05473    98.21491    98.46633    98.61838    98.84316    98.92310   100.88756   102.66351
     0.24920052    96.14993    96.61354    97.37619    97.67133    98.05162    98.22225    98.47576    98.61596    98.84029    98.91970   100.88703   102.66357
     0.24920052    96.14993    96.61354    97.37619    97.67133    98.05162    98.22225    98.47576    98.61596    98.84029    98.91970   100.88703   102.66357
     0.25083285    96.14495    96.62110    97.39388    97.65577    98.05321    98.21572    98.46575    98.62076    98.84334    98.92217   100.88829   102.66467
     0.25246519    96.13739    96.63060    97.40881    97.63951    98.05205    98.21278    98.45370    98.62704    98.84636    98.92479   100.88959   102.66572
     0.25409752    96.12751    96.64164    97.42018    97.62363    98.04806    98.21323    98.44040    98.63427    98.84936    98.92750   100.89092   102.66673
     0.25572986    96.11561    96.65373    97.42713    97.60921    98.04184    98.21618    98.42664    98.64199    98.85230    98.93025   100.89228   102.66769
     0.25736219    96.10195    96.66642    97.42885    97.59717    98.03437    98.22034    98.41321    98.64990    98.85517    98.93299   100.89367   102.66861
     0.25899453    96.08679    96.67919    97.42507    97.58790    98.02668    98.22421    98.40105    98.65777    98.85795    98.93570   100.89508   102.66948
     0.26062686    96.07035    96.69156    97.41631    97.58099    98.01963    98.22634    98.39115    98.66545    98.86061    98.93835   100.89650   102.67030
     0.26225920    96.05280    96.70304    97.40378    97.57539    98.01388    98.22546    98.38451    98.67281    98.86316    98.94094   100.89793   102.67107
     0.26389153    96.03429    96.71316    97.38892    97.56991    98.00986    98.22084    98.38171    98.67977    98.86555    98.94346   100.89936   102.67179
     0.26552387    96.01492    96.72146    97.37297    97.56366    98.00770    98.21256    98.38269    98.68624    98.86779    98.94591   100.90079   102.67247
     0.26715620    95.99477    96.72754    97.35688    97.55619    98.00729    98.20143    98.38679    98.69218    98.86985    98.94832   100.90221   102.67309
     0.26878854    95.97388    96.73104    97.34126    97.54744    98.00819    98.18865    98.39313    98.69753    98.87172    98.95071   100.90361   102.67366
     0.27042087    95.95227    96.73172    97.32642    97.53765    98.00970    98.17556    98.40091    98.70224    98.87338    98.95310   100.90501   102.67418
     0.27205321    95.92995    96.72945    97.31240    97.52729    98.01078    98.16357    98.40952    98.70628    98.87482    98.95552   100.90637   102.67466
     0.27368554    95.90689    96.72428    97.29898    97.51696    98.01019    98.15414    98.41850    98.70961    98.87603    98.95802   100.90772   102.67508
     0.27531788    95.88306    96.71636    97.28573    97.50730    98.00673    98.14858    98.42757    98.71221    98.87699    98.96063   100.90903   102.67546
     0.27695021    95.85841    96.70601    97.27212    97.49887    97.99978    98.14759    98.43650    98.71404    98.87770    98.96339   100.91031   102.67579
     0.27858255    95.83287    96.69362    97.25761    97.49210    97.98963    98.15095    98.44516    98.71510    98.87815    98.96631   100.91156   102.67607
     0.28021488    95.80638    96.67966    97.24180    97.48714    97.97721    98.15784    98.45343    98.71536    98.87833    98.96944   100.91276   102.67631
     0.28184722    95.77887    96.66460    97.22448    97.48386    97.96366    98.16729    98.46124    98.71484    98.87826    98.97278   100.91393   102.67651
     0.28347955    95.75026    96.64893    97.20565    97.48185    97.94999    98.17849    98.46854    98.71353    98.87792    98.97635   100.91505   102.67667
     0.28511189    95.72049    96.63309    97.18545    97.48052    97.93706    98.19084    98.47529    98.71146    98.87735    98.98014   100.91613   102.67678
     0.28674422    95.68951    96.61748    97.16410    97.47918    97.92559    98.20391    98.48144    98.70864    98.87655    98.98413   100.91715   102.67686
     0.28837656    95.65728    96.60245    97.14189    97.47714    97.91617    98.21740    98.48698    98.70512    98.87554    98.98832   100.91814   102.67691
     0.29000889    95.62378    96.58830    97.11906    97.47375    97.90929    98.23109    98.49188    98.70093    98.87434    98.99268   100.91907   102.67692
     0.29164123    95.58899    96.57526    97.09587    97.46852    97.90526    98.24483    98.49612    98.69612    98.87297    98.99718   100.91995   102.67690
     0.29327356    95.55294    96.56352    97.07251    97.46114    97.90428    98.25849    98.49967    98.69074    98.87147    99.00178   100.92079   102.67685
     0.29490590    95.51565    96.55322    97.04919    97.45146    97.90633    98.27199    98.50251    98.68487    98.86986    99.00647   100.92158   102.67678
     0.29653823    95.47720    96.54447    97.02606    97.43953    97.91128    98.28524    98.50461    98.67858    98.86815    99.01119   100.92232   102.67669
     0.29817057    95.43764    96.53730    97.00324    97.42554    97.91886    98.29819    98.50595    98.67195    98.86638    99.01591   100.92301   102.67658
     0.29980290    95.39707    96.53176    96.98086    97.40976    97.92873    98.31080    98.50648    98.66505    98.86457    99.02061   100.92365   102.67645
     0.30143524    95.35558    96.52782    96.95902    97.39251    97.94055    98.32301    98.50619    98.65800    98.86274    99.02525   100.92425   102.67631
     0.30306757    95.31331    96.52546    96.93779    97.37412    97.95396    98.33479    98.50503    98.65088    98.86090    99.02981   100.92480   102.67615
     0.30469991    95.27037    96.52462    96.91723    97.35489    97.96864    98.34610    98.50299    98.64379    98.85909    99.03424   100.92531   102.67599
     0.30633224    95.22691    96.52523    96.89742    97.33514    97.98431    98.35688    98.50006    98.63683    98.85731    99.03853   100.92578   102.67582
     0.30796458    95.18306    96.52721    96.87837    97.31514    98.00071    98.36708    98.49626    98.63009    98.85559    99.04265   100.92621   102.67564
     0.30959691    95.13899    96.53045    96.86014    97.29513    98.01760    98.37662    98.49166    98.62363    98.85393    99.04658   100.92660   102.67547
     0.31122925    95.09487    96.53485    96.84274    97.27537    98.03480    98.38538    98.48639    98.61751    98.85235    99.05030   100.92695   102.67530
     0.31286158    95.05089    96.54029    96.82619    97.25608    98.05211    98.39318    98.48066    98.61177    98.85087    99.05379   100.92727   102.67513
     0.31449392    95.00727    96.54663    96.81050    97.23746    98.06936    98.39973    98.47484    98.60642    98.84948    99.05703   100.92756   102.67497
     0.31612625    94.96428    96.55372    96.79567    97.21975    98.08638    98.40459    98.46947    98.60147    98.84821    99.06001   100.92781   102.67482
     0.31775859    94.92224    96.56141    96.78171    97.20314    98.10299    98.40717    98.46528    98.59691    98.84706    99.06270   100.92803   102.67468
     0.31939092    94.88157    96.56950    96.76865    97.18785    98.11897    98.40696    98.46294    98.59276    98.84602    99.06511   100.92822   102.67455
     0.32102326    94.84282    96.57779    96.75653    97.17407    98.13410    98.40398    98.46262    98.58901    98.84512    99.06722   100.92839   102.67443
     0.32265559    94.80675    96.58602    96.74543    97.16201    98.14807    98.39900    98.46381    98.58570    98.84435    99.06902   100.92852   102.67433
     0.32428793    94.77438    96.59387    96.73551    97.15184    98.16053    98.39307    98.46574    98.58286    98.84372    99.07050   100.92863   102.67425
     0.32592026    94.74700    96.60092    96.72703    97.14374    98.17105    98.38720    98.46779    98.58056    98.84322    99.07166   100.92872   102.67418
     0.32755260    94.72605    96.60665    96.72039    97.13784    98.17911    98.38226    98.46952    98.57886    98.84287    99.07249   100.92878   102.67413
     0.32918493    94.71287    96.61045    96.71608    97.13426    98.18421    98.37896    98.47066    98.57781    98.84265    99.07299   100.92881   102.67410
     0.33081727    94.70838    96.61179    96.71458    97.13305    98.18596    98.37780    98.47105    98.57745    98.84258    99.07316   100.92883   102.67409
     0.33081727    94.70838    96.61179    96.71458    97.13305    98.18596    98.37780    98.47105    98.57745    98.84258    99.07316   100.92883   102.67409
     0.33219952    94.71192    96.61113    96.71568    97.13373    98.18540    98.37804    98.47108    98.57774    98.84247    99.07298   100.92881   102.67411
     0.33358177    94.72220    96.60923    96.71890    97.13574    98.18373    98.37874    98.47120    98.57860    98.84213    99.07245   100.92877   102.67418
     0.33496403    94.73827    96.60633    96.72401    97.13909    98.18100    98.37982    98.47142    98.58002    98.84155    99.07156   100.92871   102.67428
     0.33634628    94.75901    96.60270    96.73072    97.14375    98.17727    98.38119    98.47181    98.58197    98.84076    99.07032   100.92861   102.67443
     0.33772853    94.78335    96.59862    96.73877    97.14971    98.17262    98.38270    98.47244    98.58442    98.83974    99.06874   100.92849   102.67462
     0.33911078    94.81046    96.59430    96.74792    97.15693    98.16715    98.38422    98.47338    98.58734    98.83851    99.06681   100.92835   102.67484
     0.34049304    94.83969    96.58993    96.75801    97.16538    98.16093    98.38560    98.47472    98.59069    98.83706    99.06453   100.92817   102.67511
     0.34187529    94.87058    96.58563    96.76889    97.17502    98.15406    98.38669    98.47653    98.59443    98.83541    99.06193   100.92798   102.67542
     0.34325754    94.90279    96.58150    96.78049    97.18579    98.14662    98.38739    98.47884    98.59853    98.83357    99.05899   100.92775   102.67576
     0.34463979    94.93605    96.57758    96.79273    97.19765    98.13868    98.38761    98.48169    98.60293    98.83154    99.05573   100.92751   102.67614
     0.34602205    94.97019    96.57393    96.80556    97.21054    98.13031    98.38732    98.48504    98.60761    98.82934    99.05215   100.92724   102.67655
     0.34740430    95.00503    96.57057    96.81896    97.22439    98.12156    98.38649    98.48887    98.61252    98.82698    99.04828   100.92694   102.67700
     0.34878655    95.04045    96.56752    96.83289    97.23914    98.11249    98.38515    98.49310    98.61763    98.82448    99.04410   100.92662   102.67747
     0.35016881    95.07636    96.56478    96.84735    97.25470    98.10315    98.38332    98.49767    98.62290    98.82186    99.03965   100.92628   102.67798
     0.35155106    95.11266    96.56234    96.86232    97.27101    98.09357    98.38103    98.50247    98.62829    98.81915    99.03493   100.92592   102.67851
     0.35293331    95.14926    96.56021    96.87779    97.28798    98.08381    98.37833    98.50744    98.63376    98.81638    99.02996   100.92553   102.67907
     0.35431556    95.18610    96.55837    96.89376    97.30553    98.07390    98.37524    98.51248    98.63926    98.81358    99.02474   100.92513   102.67965
     0.35569782    95.22310    96.55679    96.91022    97.32357    98.06390    98.37181    98.51752    98.64474    98.81079    99.01931   100.92471   102.68025
     0.35708007    95.26021    96.55547    96.92716    97.34202    98.05383    98.36804    98.52249    98.65015    98.80807    99.01368   100.92427   102.68086
     0.35846232    95.29737    96.55437    96.94458    97.36076    98.04375    98.36397    98.52732    98.65543    98.80547    99.00787   100.92381   102.68150
     0.35984457    95.33451    96.55348    96.96245    97.37971    98.03371    98.35961    98.53194    98.66051    98.80305    99.00191   100.92334   102.68214
     0.36122683    95.37157    96.55276    96.98076    97.39876    98.02376    98.35498    98.53630    98.66533    98.80090    98.99581   100.92286   102.68280
     0.36260908    95.40850    96.55219    96.99949    97.41780    98.01396    98.35008    98.54032    98.66981    98.79908    98.98961   100.92236   102.68346
     0.36399133    95.44524    96.55174    97.01862    97.43672    98.00438    98.34494    98.54395    98.67387    98.79768    98.98333   100.92185   102.68413
     0.36537359    95.48172    96.55137    97.03812    97.45538    97.99510    98.33956    98.54714    98.67746    98.79678    98.97700   100.92134   102.68481
     0.36675584    95.51790    96.55106    97.05795    97.47367    97.98619    98.33395    98.54981    98.68053    98.79644    98.97065   100.92082   102.68548
     0.36813809    95.55370    96.55077    97.07808    97.49143    97.97776    98.32814    98.55192    98.68304    98.79672    98.96432   100.92030   102.68615
     0.36952034    95.58906    96.55048    97.09845    97.50852    97.96990    98.32213    98.55341    98.68499    98.79764    98.95803   100.91977   102.68681
     0.37090260    95.62393    96.55016    97.11903    97.52478    97.96272    98.31596    98.55422    98.68641    98.79918    98.95182   100.91925   102.68747
     0.37228485    95.65821    96.54977    97.13975    97.54006    97.95635    98.30965    98.55433    98.68737    98.80130    98.94572   100.91873   102.68811
     0.37366710    95.69186    96.54929    97.16054    97.55419    97.95089    98.30322    98.55370    98.68794    98.80394    98.93975   100.91821   102.68875
     0.37504935    95.72479    96.54870    97.18135    97.56702    97.94645    98.29673    98.55231    98.68821    98.80700    98.93396   100.91770   102.68936
     0.37643161    95.75692    96.54796    97.20209    97.57842    97.94312    98.29022    98.55016    98.68826    98.81041    98.92836   100.91720   102.68996
     0.37781386    95.78817    96.54707    97.22268    97.58827    97.94096    98.28375    98.54727    98.68817    98.81407    98.92299   100.91671   102.69054
     0.37919611    95.81845    96.54600    97.24304    97.59652    97.93998    98.27738    98.54368    98.68800    98.81789    98.91786   100.91624   102.69110
     0.38057837    95.84767    96.54474    97.26305    97.60315    97.94014    98.27118    98.53944    98.68780    98.82180    98.91299   100.91579   102.69163
     0.38196062    95.87572    96.54330    97.28261    97.60820    97.94134    98.26524    98.53464    98.68758    98.82573    98.90840   100.91535   102.69213
     0.38334287    95.90251    96.54167    97.30162    97.61179    97.94342    98.25965    98.52937    98.68736    98.82962    98.90411   100.91493   102.69261
     0.38472512    95.92791    96.53987    97.31994    97.61406    97.94618    98.25449    98.52371    98.68717    98.83343    98.90010   100.91454   102.69305
     0.38610738    95.95181    96.53792    97.33744    97.61520    97.94940    98.24983    98.51781    98.68698    98.83709    98.89640   100.91418   102.69347
     0.38748963    95.97407    96.53584    97.35399    97.61541    97.95283    98.24576    98.51177    98.68682    98.84060    98.89299   100.91384   102.69384
     0.38887188    95.99456    96.53370    97.36942    97.61490    97.95627    98.24232    98.50575    98.68666    98.84390    98.88987   100.91353   102.69419
     0.39025413    96.01314    96.53154    97.38359    97.61389    97.95953    98.23953    98.49989    98.68653    98.84698    98.88704   100.91326   102.69449
     0.39163639    96.02965    96.52943    97.39633    97.61257    97.96245    98.23738    98.49435    98.68640    98.84982    98.88448   100.91302   102.69476
     0.39301864    96.04396    96.52745    97.40749    97.61110    97.96496    98.23581    98.48929    98.68629    98.85238    98.88220   100.91281   102.69499
     0.39440089    96.05591    96.52567    97.41689    97.60967    97.96698    98.23475    98.48487    98.68620    98.85465    98.88020   100.91264   102.69517
     0.39578315    96.06536    96.52419    97.42439    97.60839    97.96853    98.23410    98.48124    98.68612    98.85656    98.87852   100.91250   102.69532
     0.39716540    96.07221    96.52306    97.42986    97.60739    97.96960    98.23373    98.47854    98.68607    98.85805    98.87720   100.91241   102.69542
     0.39854765    96.07636    96.52236    97.43319    97.60676    97.97023    98.23356    98.47687    98.68603    98.85901    98.87635   100.91235   102.69549
     0.39992990    96.07774    96.52213    97.43430    97.60654    97.97044    98.23351    98.47631    98.68602    98.85935    98.87605   100.91233   102.69551
     0.39992990    96.07774    96.52213    97.43430    97.60654    97.97044    98.23351    98.47631    98.68602    98.85935    98.87605   100.91233   102.69551
     0.40197253    96.07653    96.52196    97.43298    97.60666    97.97010    98.23413    98.47639    98.68587    98.85910    98.87639   100.91229   102.69539
     0.40401515    96.07286    96.52146    97.42909    97.60700    97.96910    98.23597    98.47665    98.68542    98.85836    98.87740   100.91218   102.69502
     0.40605777    96.06664    96.52073    97.42282    97.60749    97.96743    98.23897    98.47708    98.68471    98.85717    98.87902   100.91200   102.69440
     0.40810039    96.05770    96.51986    97.41442    97.60801    97.96510    98.24300    98.47766    98.68380    98.85554    98.88121   100.91174   102.69354
     0.41014302    96.04587    96.51902    97.40425    97.60847    97.96213    98.24794    98.47838    98.68276    98.85349    98.88390   100.91141   102.69245
     0.41218564    96.03091    96.51838    97.39267    97.60874    97.95854    98.25361    98.47922    98.68167    98.85105    98.88704   100.91102   102.69112
     0.41422826    96.01259    96.51814    97.38003    97.60871    97.95436    98.25984    98.48017    98.68062    98.84822    98.89057   100.91056   102.68956
     0.41627088    95.99072    96.51848    97.36669    97.60829    97.94967    98.26643    98.48119    98.67970    98.84503    98.89444   100.91004   102.68778
     0.41831351    95.96514    96.51959    97.35296    97.60736    97.94454    98.27323    98.48226    98.67899    98.84150    98.89860   100.90947   102.68578
     0.42035613    95.93576    96.52159    97.33912    97.60583    97.93907    98.28004    98.48335    98.67857    98.83765    98.90301   100.90885   102.68358
     0.42239875    95.90256    96.52459    97.32541    97.60360    97.93338    98.28672    98.48444    98.67848    98.83351    98.90762   100.90819   102.68118
     0.42444137    95.86566    96.52866    97.31202    97.60056    97.92761    98.29312    98.48550    98.67879    98.82914    98.91239   100.90748   102.67858
     0.42648400    95.82523    96.53379    97.29909    97.59660    97.92190    98.29911    98.48651    98.67951    98.82457    98.91729   100.90675   102.67581
     0.42852662    95.78157    96.53998    97.28671    97.59163    97.91642    98.30458    98.48744    98.68065    98.81988    98.92230   100.90599   102.67287
     0.43056924    95.73508    96.54717    97.27496    97.58556    97.91132    98.30941    98.48827    98.68218    98.81513    98.92738   100.90522   102.66976
     0.43261187    95.68626    96.55526    97.26386    97.57832    97.90675    98.31355    98.48900    98.68406    98.81044    98.93251   100.90443   102.66651
     0.43465449    95.63572    96.56417    97.25339    97.56989    97.90283    98.31691    98.48961    98.68618    98.80591    98.93766   100.90364   102.66313
     0.43669711    95.58420    96.57378    97.24355    97.56028    97.89965    98.31945    98.49009    98.68843    98.80170    98.94282   100.90285   102.65961
     0.43873973    95.53259    96.58395    97.23427    97.54955    97.89727    98.32113    98.49044    98.69060    98.79801    98.94795   100.90207   102.65598
     0.44078236    95.48198    96.59454    97.22548    97.53782    97.89572    98.32194    98.49067    98.69249    98.79504    98.95306   100.90131   102.65225
     0.44282498    95.43363    96.60541    97.21712    97.52523    97.89498    98.32186    98.49077    98.69383    98.79303    98.95810   100.90057   102.64844
     0.44486760    95.38894    96.61640    97.20908    97.51202    97.89500    98.32092    98.49076    98.69437    98.79222    98.96308   100.89987   102.64454
     0.44691022    95.34928    96.62736    97.20124    97.49843    97.89572    98.31912    98.49065    98.69394    98.79274    98.96797   100.89919   102.64058
     0.44895285    95.31565    96.63811    97.19349    97.48477    97.89704    98.31651    98.49044    98.69245    98.79465    98.97275   100.89856   102.63658
     0.45099547    95.28835    96.64850    97.18567    97.47137    97.89885    98.31315    98.49016    98.68991    98.79787    98.97742   100.89798   102.63253
     0.45303809    95.26697    96.65836    97.17763    97.45858    97.90104    98.30908    98.48981    98.68647    98.80223    98.98196   100.89744   102.62847
     0.45508071    95.25066    96.66752    97.16923    97.44677    97.90348    98.30440    98.48940    98.68228    98.80752    98.98636   100.89696   102.62440
     0.45712334    95.23848    96.67584    97.16030    97.43630    97.90603    98.29918    98.48895    98.67754    98.81351    98.99061   100.89654   102.62034
     0.45916596    95.22961    96.68315    97.15073    97.42750    97.90858    98.29352    98.48846    98.67240    98.81999    98.99471   100.89617   102.61630
     0.46120858    95.22343    96.68934    97.14045    97.42064    97.91097    98.28754    98.48794    98.66700    98.82679    98.99864   100.89586   102.61230
     0.46325120    95.21948    96.69428    97.12945    97.41590    97.91307    98.28135    98.48740    98.66145    98.83374    99.00240   100.89561   102.60835
     0.46529383    95.21739    96.69790    97.11781    97.41339    97.91475    98.27507    98.48684    98.65586    98.84073    99.00599   100.89541   102.60448
     0.46733645    95.21692    96.70012    97.10566    97.41310    97.91588    98.26882    98.48627    98.65030    98.84764    99.00939   100.89527   102.60069
     0.46937907    95.21785    96.70093    97.09320    97.41495    97.91632    98.26274    98.48569    98.64483    98.85440    99.01261   100.89519   102.59701
     0.47142169    95.21999    96.70033    97.08064    97.41879    97.91599    98.25693    98.48511    98.63950    98.86093    99.01565   100.89515   102.59344
     0.47346432    95.22319    96.69838    97.06822    97.42443    97.91478    98.25151    98.48453    98.63435    98.86717    99.01850   100.89516   102.59001
     0.47550694    95.22727    96.69516    97.05615    97.43164    97.91265    98.24656    98.48396    98.62943    98.87308    99.02116   100.89520   102.58674
     0.47754956    95.23207    96.69082    97.04463    97.44016    97.90957    98.24216    98.48340    98.62475    98.87862    99.02363   100.89528   102.58363
     0.47959218    95.23742    96.68552    97.03381    97.44975    97.90557    98.23834    98.48286    98.62036    98.88377    99.02590   100.89539   102.58070
     0.48163481    95.24315    96.67948    97.02381    97.46011    97.90070    98.23511    98.48234    98.61627    98.88849    99.02798   100.89551   102.57797
     0.48367743    95.24908    96.67293    97.01472    97.47099    97.89508    98.23245    98.48185    98.61250    98.89279    99.02987   100.89565   102.57546
     0.48572005    95.25502    96.66613    97.00659    97.48208    97.88889    98.23034    98.48139    98.60908    98.89664    99.03156   100.89580   102.57317
     0.48776267    95.26080    96.65934    96.99943    97.49307    97.88232    98.22871    98.48097    98.60602    98.90004    99.03305   100.89595   102.57111
     0.48980530    95.26624    96.65282    96.99327    97.50365    97.87565    98.22750    98.48060    98.60333    98.90299    99.03434   100.89609   102.56931
     0.49184792    95.27116    96.64683    96.98808    97.51348    97.86917    98.22663    98.48027    98.60103    98.90548    99.03544   100.89622   102.56777
     0.49389054    95.27543    96.64158    96.98387    97.52220    97.86320    98.22604    98.48000    98.59914    98.90752    99.03634   100.89634   102.56649
     0.49593316    95.27889    96.63728    96.98061    97.52947    97.85809    98.22565    98.47978    98.59765    98.90910    99.03703   100.89643   102.56549
     0.49797579    95.28145    96.63409    96.97830    97.53495    97.85415    98.22541    98.47962    98.59659    98.91023    99.03753   100.89650   102.56478
     0.50001841    95.28302    96.63213    96.97691    97.53836    97.85166    98.22528    98.47953    98.59595    98.91091    99.03783   100.89654   102.56434
     0.50206103    95.28355    96.63147    96.97645    97.53952    97.85081    98.22524    98.47950    98.59573    98.91113    99.03793   100.89656   102.56420
