1.000000000000000000e+01,-5.054822131057990191e+02
2.000000000000000000e+01,-5.054823315319767971e+02
3.000000000000000000e+01,-5.054825263361018983e+02
4.000000000000000000e+01,-5.054827986478327944e+02
5.000000000000000000e+01,-5.054831521600438009e+02
6.000000000000000000e+01,-5.054835936336491500e+02
7.000000000000000000e+01,-5.054841312215451126e+02
8.000000000000000000e+01,-5.054847733811334365e+02
9.000000000000000000e+01,-5.054855283374622559e+02
1.000000000000000000e+02,-5.054864038171092488e+02
1.100000000000000000e+02,-5.054874069061493174e+02
1.200000000000000000e+02,-5.054885439726965615e+02
1.300000000000000000e+02,-5.054898206305895201e+02
1.400000000000000000e+02,-5.054912417332313339e+02
1.500000000000000000e+02,-5.054928113904186944e+02
1.600000000000000000e+02,-5.054945330022183612e+02
1.700000000000000000e+02,-5.054964093046677931e+02
1.800000000000000000e+02,-5.054984424228055673e+02
1.900000000000000000e+02,-5.055006339273522826e+02
2.000000000000000000e+02,-5.055029848921878397e+02
2.100000000000000000e+02,-5.055054959505294505e+02
2.200000000000000000e+02,-5.055081673483737745e+02
2.300000000000000000e+02,-5.055109989942963580e+02
2.400000000000000000e+02,-5.055139905051166238e+02
2.500000000000000000e+02,-5.055171412472400903e+02
2.600000000000000000e+02,-5.055204503737045343e+02
2.700000000000000000e+02,-5.055239168571010282e+02
2.800000000000000000e+02,-5.055275395186296805e+02
2.900000000000000000e+02,-5.055313170535987979e+02
