1.000000000000000000e+01,-4.686940898778242968e+02
2.000000000000000000e+01,-4.686942162630091957e+02
3.000000000000000000e+01,-4.686945301828457104e+02
4.000000000000000000e+01,-4.686950763895295609e+02
5.000000000000000000e+01,-4.686958717418308993e+02
6.000000000000000000e+01,-4.686969185228177253e+02
7.000000000000000000e+01,-4.686982122120037388e+02
8.000000000000000000e+01,-4.686997453722629530e+02
9.000000000000000000e+01,-4.687015095844128609e+02
1.000000000000000000e+02,-4.687034964088765605e+02
1.100000000000000000e+02,-4.687056978353091381e+02
1.200000000000000000e+02,-4.687081064561900803e+02
1.300000000000000000e+02,-4.687107154953450276e+02
1.400000000000000000e+02,-4.687135187661787654e+02
1.500000000000000000e+02,-4.687165106016528284e+02
1.600000000000000000e+02,-4.687196857785065731e+02
1.700000000000000000e+02,-4.687230394467587757e+02
1.800000000000000000e+02,-4.687265670690285901e+02
1.900000000000000000e+02,-4.687302643707273546e+02
2.000000000000000000e+02,-4.687341273004457776e+02
2.100000000000000000e+02,-4.687381519991308210e+02
2.200000000000000000e+02,-4.687423347764527080e+02
2.300000000000000000e+02,-4.687466720928373434e+02
2.400000000000000000e+02,-4.687511605458324198e+02
2.500000000000000000e+02,-4.687557968597071181e+02
2.600000000000000000e+02,-4.687605778774041596e+02
2.700000000000000000e+02,-4.687655005541669766e+02
2.800000000000000000e+02,-4.687705619523297287e+02
2.900000000000000000e+02,-4.687757592368935207e+02
