     0.00000000    95.28355    96.63147    96.97645    97.53951    97.85081    98.22524    98.47949    98.59573    98.91113    99.03793   100.89656   102.56420
     0.00138225    95.28334    96.63224    96.97657    97.53941    97.85083    98.22516    98.47957    98.59590    98.91100    99.03777   100.89653   102.56420
     0.00276451    95.28273    96.63455    96.97694    97.53911    97.85089    98.22491    98.47980    98.59640    98.91062    99.03731   100.89646   102.56421
     0.00414676    95.28172    96.63837    96.97754    97.53861    97.85100    98.22450    98.48017    98.59724    98.90998    99.03654   100.89634   102.56423
     0.00552901    95.28034    96.64367    96.97839    97.53792    97.85114    98.22394    98.48070    98.59840    98.90909    99.03546   100.89617   102.56426
     0.00691126    95.27861    96.65039    96.97947    97.53703    97.85131    98.22322    98.48137    98.59988    98.90795    99.03408   100.89596   102.56430
     0.00829352    95.27656    96.65847    96.98078    97.53596    97.85152    98.22235    98.48220    98.60166    98.90657    99.03240   100.89569   102.56434
     0.00967577    95.27423    96.66782    96.98231    97.53469    97.85176    98.22134    98.48317    98.60372    98.90494    99.03043   100.89538   102.56440
     0.01105802    95.27166    96.67837    96.98406    97.53324    97.85202    98.22021    98.48427    98.60605    98.90308    99.02816   100.89503   102.56446
     0.01244027    95.26889    96.69000    96.98602    97.53161    97.85230    98.21894    98.48552    98.60864    98.90098    99.02561   100.89463   102.56452
     0.01382253    95.26596    96.70260    96.98818    97.52981    97.85260    98.21757    98.48689    98.61145    98.89867    99.02278   100.89418   102.56459
     0.01520478    95.26291    96.71606    96.99056    97.52784    97.85291    98.21610    98.48838    98.61447    98.89613    99.01968   100.89369   102.56467
     0.01658703    95.25980    96.73024    96.99314    97.52572    97.85322    98.21454    98.48997    98.61768    98.89340    99.01632   100.89316   102.56476
     0.01796929    95.25666    96.74499    96.99593    97.52344    97.85354    98.21291    98.49166    98.62106    98.89047    99.01271   100.89259   102.56485
     0.01935154    95.25353    96.76016    96.99896    97.52104    97.85386    98.21121    98.49343    98.62457    98.88736    99.00885   100.89198   102.56495
     0.02073379    95.25047    96.77557    97.00224    97.51850    97.85418    98.20946    98.49526    98.62820    98.88409    99.00476   100.89133   102.56505
     0.02211604    95.24750    96.79104    97.00582    97.51586    97.85450    98.20767    98.49712    98.63192    98.88067    99.00046   100.89065   102.56515
     0.02349830    95.24467    96.80634    97.00976    97.51312    97.85482    98.20585    98.49901    98.63571    98.87712    98.99595   100.88993   102.56526
     0.02488055    95.24203    96.82125    97.01414    97.51031    97.85514    98.20402    98.50089    98.63953    98.87347    98.99125   100.88919   102.56537
     0.02626280    95.23963    96.83549    97.01906    97.50745    97.85548    98.20218    98.50274    98.64337    98.86975    98.98638   100.88841   102.56549
     0.02764505    95.23753    96.84877    97.02466    97.50457    97.85583    98.20035    98.50454    98.64718    98.86597    98.98135   100.88760   102.56560
     0.02902731    95.23579    96.86079    97.03106    97.50168    97.85621    98.19852    98.50626    98.65095    98.86217    98.97619   100.88677   102.56572
     0.03040956    95.23453    96.87124    97.03842    97.49884    97.85662    98.19672    98.50788    98.65463    98.85839    98.97091   100.88593   102.56584
     0.03179181    95.23389    96.87986    97.04681    97.49606    97.85708    98.19494    98.50937    98.65821    98.85466    98.96554   100.88506   102.56596
     0.03317407    95.23407    96.88644    97.05626    97.49339    97.85759    98.19319    98.51069    98.66164    98.85103    98.96009   100.88418   102.56608
     0.03455632    95.23541    96.89088    97.06673    97.49086    97.85818    98.19147    98.51184    98.66490    98.84752    98.95458   100.88328   102.56620
     0.03593857    95.23845    96.89313    97.07808    97.48852    97.85885    98.18978    98.51278    98.66796    98.84419    98.94905   100.88238   102.56632
     0.03732082    95.24411    96.89321    97.09011    97.48640    97.85963    98.18812    98.51349    98.67079    98.84107    98.94351   100.88147   102.56644
     0.03870308    95.25385    96.89118    97.10260    97.48455    97.86053    98.18649    98.51394    98.67337    98.83820    98.93798   100.88057   102.56656
     0.04008533    95.26973    96.88712    97.11534    97.48299    97.86156    98.18490    98.51413    98.67567    98.83561    98.93250   100.87966   102.56667
     0.04146758    95.29370    96.88107    97.12811    97.48176    97.86275    98.18333    98.51404    98.67769    98.83334    98.92708   100.87877   102.56679
     0.04284983    95.32618    96.87308    97.14073    97.48087    97.86409    98.18178    98.51366    98.67942    98.83139    98.92176   100.87788   102.56690
     0.04423209    95.36569    96.86320    97.15305    97.48035    97.86561    98.18025    98.51298    98.68087    98.82978    98.91656   100.87701   102.56700
     0.04561434    95.41010    96.85146    97.16494    97.48018    97.86731    98.17874    98.51202    98.68204    98.82849    98.91150   100.87616   102.56710
     0.04699659    95.45769    96.83788    97.17630    97.48037    97.86918    98.17724    98.51078    98.68296    98.82753    98.90661   100.87533   102.56720
     0.04837885    95.50726    96.82249    97.18705    97.48090    97.87124    98.17575    98.50927    98.68365    98.82686    98.90191   100.87453   102.56730
     0.04976110    95.55804    96.80532    97.19714    97.48173    97.87346    98.17428    98.50754    98.68415    98.82646    98.89744   100.87376   102.56739
     0.05114335    95.60945    96.78642    97.20652    97.48282    97.87583    98.17281    98.50559    98.68448    98.82627    98.89320   100.87302   102.56747
     0.05252560    95.66106    96.76586    97.21517    97.48413    97.87833    98.17136    98.50349    98.68467    98.82627    98.88924   100.87232   102.56755
     0.05390786    95.71251    96.74372    97.22308    97.48560    97.88092    98.16992    98.50127    98.68477    98.82640    98.88557   100.87166   102.56762
     0.05529011    95.76346    96.72011    97.23025    97.48717    97.88356    98.16852    98.49899    98.68479    98.82662    98.88220   100.87105   102.56769
     0.05667236    95.81356    96.69521    97.23668    97.48878    97.88622    98.16716    98.49670    98.68476    98.82689    98.87916   100.87049   102.56775
     0.05805461    95.86245    96.66922    97.24237    97.49039    97.88883    98.16586    98.49446    98.68470    98.82717    98.87646   100.86998   102.56781
     0.05943687    95.90969    96.64246    97.24736    97.49193    97.89133    98.16463    98.49231    98.68462    98.82744    98.87410   100.86952   102.56786
     0.06081912    95.95475    96.61535    97.25164    97.49337    97.89367    98.16350    98.49033    98.68454    98.82768    98.87209   100.86912   102.56790
     0.06220137    95.99691    96.58852    97.25523    97.49465    97.89578    98.16249    98.48855    98.68446    98.82788    98.87042   100.86877   102.56794
     0.06358363    96.03521    96.56287    97.25815    97.49574    97.89760    98.16163    98.48703    98.68439    98.82803    98.86908   100.86849   102.56797
     0.06496588    96.06830    96.53968    97.26041    97.49662    97.89908    98.16093    98.48581    98.68433    98.82813    98.86806   100.86827   102.56799
     0.06634813    96.09439    96.52069    97.26202    97.49726    97.90018    98.16041    98.48491    98.68429    98.82820    98.86734   100.86811   102.56801
     0.06773038    96.11135    96.50801    97.26298    97.49766    97.90085    98.16009    98.48436    98.68426    98.82823    98.86692   100.86801   102.56802
     0.06911264    96.11727    96.50352    97.26330    97.49779    97.90107    98.15999    98.48418    98.68425    98.82825    98.86678   100.86798   102.56802
     0.06911264    96.11727    96.50352    97.26330    97.49779    97.90107    98.15999    98.48418    98.68425    98.82825    98.86678   100.86798   102.56802
     0.07081962    96.11127    96.50765    97.26328    97.49803    97.90108    98.16003    98.48411    98.68416    98.82839    98.86688   100.86801   102.56806
     0.07252661    96.09408    96.51926    97.26320    97.49875    97.90109    98.16018    98.48390    98.68387    98.82878    98.86723   100.86809   102.56818
     0.07423360    96.06762    96.53643    97.26307    97.49998    97.90104    98.16047    98.48356    98.68341    98.82931    98.86791   100.86823   102.56838
     0.07594059    96.03403    96.55705    97.26286    97.50177    97.90088    98.16096    98.48308    98.68277    98.82981    98.86906   100.86843   102.56865
     0.07764757    95.99516    96.57932    97.26257    97.50413    97.90051    98.16174    98.48246    98.68197    98.83011    98.87086   100.86868   102.56900
     0.07935456    95.95240    96.60190    97.26217    97.50713    97.89983    98.16289    98.48170    98.68101    98.83006    98.87344   100.86898   102.56943
     0.08106155    95.90676    96.62386    97.26166    97.51078    97.89873    98.16451    98.48079    98.67990    98.82955    98.87686   100.86933   102.56992
     0.08276854    95.85900    96.64454    97.26100    97.51508    97.89714    98.16669    98.47973    98.67861    98.82860    98.88113   100.86972   102.57049
     0.08447552    95.80969    96.66353    97.26018    97.52003    97.89500    98.16949    98.47853    98.67713    98.82729    98.88618   100.87016   102.57113
     0.08618251    95.75928    96.68055    97.25918    97.52554    97.89228    98.17297    98.47718    98.67542    98.82573    98.89189   100.87064   102.57183
     0.08788950    95.70813    96.69545    97.25797    97.53153    97.88902    98.17713    98.47569    98.67342    98.82408    98.89818   100.87115   102.57259
     0.08959649    95.65655    96.70816    97.25655    97.53783    97.88528    98.18197    98.47405    98.67109    98.82248    98.90492   100.87169   102.57342
     0.09130347    95.60483    96.71870    97.25488    97.54426    97.88118    98.18744    98.47229    98.66836    98.82106    98.91202   100.87226   102.57430
     0.09301046    95.55323    96.72712    97.25293    97.55058    97.87691    98.19345    98.47041    98.66518    98.81997    98.91941   100.87286   102.57523
     0.09471745    95.50203    96.73354    97.25069    97.55653    97.87266    98.19993    98.46843    98.66150    98.81931    98.92701   100.87347   102.57621
     0.09642444    95.45150    96.73809    97.24811    97.56182    97.86867    98.20673    98.46639    98.65729    98.81917    98.93476   100.87410   102.57724
     0.09813142    95.40200    96.74093    97.24515    97.56617    97.86518    98.21375    98.46432    98.65254    98.81962    98.94260   100.87474   102.57831
     0.09983841    95.35401    96.74224    97.24177    97.56934    97.86242    98.22082    98.46226    98.64727    98.82069    98.95048   100.87538   102.57942
     0.10154540    95.30824    96.74219    97.23791    97.57110    97.86057    98.22781    98.46028    98.64152    98.82240    98.95837   100.87603   102.58057
     0.10325239    95.26589    96.74096    97.23350    97.57132    97.85977    98.23454    98.45845    98.63535    98.82474    98.96621   100.87667   102.58174
     0.10495937    95.22886    96.73872    97.22848    97.56995    97.86006    98.24085    98.45686    98.62886    98.82767    98.97399   100.87730   102.58295
     0.10666636    95.19934    96.73565    97.22279    97.56704    97.86140    98.24656    98.45560    98.62212    98.83115    98.98165   100.87792   102.58418
     0.10837335    95.17803    96.73190    97.21634    97.56272    97.86367    98.25152    98.45478    98.61525    98.83514    98.98918   100.87853   102.58543
     0.11008034    95.16312    96.72763    97.20909    97.55719    97.86671    98.25557    98.45450    98.60836    98.83958    98.99655   100.87912   102.58671
     0.11178732    95.15212    96.72297    97.20095    97.55066    97.87031    98.25856    98.45486    98.60155    98.84441    99.00373   100.87969   102.58800
     0.11349431    95.14327    96.71806    97.19188    97.54339    97.87424    98.26040    98.45592    98.59493    98.84958    99.01072   100.88023   102.58930
     0.11520130    95.13559    96.71300    97.18184    97.53559    97.87829    98.26103    98.45772    98.58860    98.85502    99.01747   100.88074   102.59061
     0.11690829    95.12857    96.70792    97.17081    97.52748    97.88225    98.26046    98.46024    98.58267    98.86070    99.02399   100.88122   102.59193
     0.11861527    95.12191    96.70290    97.15877    97.51922    97.88593    98.25874    98.46343    98.57722    98.86656    99.03026   100.88167   102.59326
     0.12032226    95.11549    96.69803    97.14576    97.51095    97.88917    98.25599    98.46718    98.57236    98.87256    99.03626   100.88208   102.59460
     0.12202925    95.10923    96.69339    97.13182    97.50277    97.89183    98.25234    98.47134    98.56818    98.87866    99.04198   100.88246   102.59594
     0.12373624    95.10312    96.68905    97.11701    97.49473    97.89380    98.24797    98.47575    98.56478    98.88481    99.04742   100.88279   102.59728
     0.12544322    95.09719    96.68504    97.10142    97.48687    97.89497    98.24306    98.48021    98.56226    98.89099    99.05256   100.88309   102.59862
     0.12715021    95.09148    96.68142    97.08516    97.47919    97.89527    98.23778    98.48454    98.56071    98.89716    99.05740   100.88334   102.59996
     0.12885720    95.08606    96.67821    97.06835    97.47167    97.89465    98.23232    98.48854    98.56022    98.90328    99.06194   100.88354   102.60130
     0.13056419    95.08104    96.67542    97.05112    97.46429    97.89310    98.22682    98.49208    98.56085    98.90935    99.06617   100.88371   102.60264
     0.13227117    95.07651    96.67305    97.03365    97.45701    97.89059    98.22144    98.49506    98.56258    98.91531    99.07008   100.88383   102.60398
     0.13397816    95.07260    96.67110    97.01607    97.44977    97.88716    98.21628    98.49748    98.56535    98.92117    99.07368   100.88390   102.60531
     0.13568515    95.06947    96.66950    96.99858    97.44254    97.88284    98.21145    98.49939    98.56900    98.92688    99.07697   100.88392   102.60664
     0.13739214    95.06724    96.66822    96.98137    97.43526    97.87771    98.20701    98.50090    98.57336    98.93244    99.07995   100.88390   102.60797
     0.13909913    95.06609    96.66718    96.96462    97.42791    97.87184    98.20303    98.50212    98.57825    98.93782    99.08262   100.88383   102.60929
     0.14080611    95.06617    96.66626    96.94857    97.42044    97.86533    98.19953    98.50314    98.58348    98.94301    99.08499   100.88372   102.61062
     0.14251310    95.06763    96.66534    96.93344    97.41284    97.85828    98.19653    98.50406    98.58892    98.94799    99.08706   100.88356   102.61193
     0.14422009    95.07061    96.66428    96.91947    97.40510    97.85081    98.19405    98.50491    98.59444    98.95273    99.08883   100.88335   102.61325
     0.14592708    95.07523    96.66291    96.90692    97.39722    97.84300    98.19209    98.50574    98.59995    98.95724    99.09031   100.88310   102.61456
     0.14763406    95.08160    96.66107    96.89603    97.38922    97.83498    98.19063    98.50657    98.60537    98.96148    99.09151   100.88280   102.61587
     0.14934105    95.08980    96.65861    96.88700    97.38113    97.82684    98.18968    98.50740    98.61065    98.96544    99.09245   100.88245   102.61717
     0.15104804    95.09988    96.65543    96.88001    97.37300    97.81866    98.18923    98.50822    98.61572    98.96911    99.09312   100.88207   102.61847
     0.15275503    95.11189    96.65151    96.87514    97.36490    97.81053    98.18925    98.50904    98.62056    98.97247    99.09354   100.88163   102.61977
     0.15446201    95.12583    96.64687    96.87239    97.35689    97.80251    98.18974    98.50984    98.62513    98.97550    99.09373   100.88116   102.62107
     0.15446201    95.12583    96.64687    96.87239    97.35689    97.80251    98.18974    98.50984    98.62513    98.97550    99.09373   100.88116   102.62107
     0.15584427    95.11103    96.65117    96.87106    97.36218    97.80493    98.19074    98.50842    98.62155    98.97467    99.09452   100.88129   102.62118
     0.15722652    95.09754    96.65464    96.87210    97.36743    97.80733    98.19208    98.50697    98.61804    98.97352    99.09508   100.88136   102.62132
     0.15860877    95.08548    96.65711    96.87565    97.37264    97.80969    98.19378    98.50550    98.61463    98.97206    99.09540   100.88137   102.62148
     0.15999102    95.07497    96.65849    96.88176    97.37779    97.81201    98.19582    98.50399    98.61131    98.97030    99.09548   100.88132   102.62166
     0.16137328    95.06610    96.65878    96.89033    97.38289    97.81429    98.19819    98.50245    98.60812    98.96822    99.09533   100.88122   102.62186
     0.16275553    95.05895    96.65811    96.90122    97.38793    97.81651    98.20089    98.50087    98.60506    98.96585    99.09494   100.88106   102.62208
     0.16413778    95.05359    96.65660    96.91420    97.39292    97.81868    98.20390    98.49926    98.60213    98.96317    99.09431   100.88085   102.62233
     0.16552003    95.05005    96.65445    96.92901    97.39786    97.82078    98.20721    98.49762    98.59936    98.96021    99.09344   100.88057   102.62259
     0.16690229    95.04836    96.65182    96.94540    97.40276    97.82280    98.21079    98.49596    98.59675    98.95695    99.09234   100.88025   102.62287
     0.16828454    95.04853    96.64887    96.96311    97.40764    97.82475    98.21463    98.49427    98.59430    98.95342    99.09100   100.87987   102.62317
     0.16966679    95.05059    96.64573    96.98192    97.41254    97.82660    98.21870    98.49257    98.59202    98.94962    99.08942   100.87943   102.62348
     0.17104905    95.05455    96.64252    97.00160    97.41748    97.82834    98.22298    98.49087    98.58990    98.94556    99.08762   100.87895   102.62381
     0.17243130    95.06048    96.63931    97.02195    97.42251    97.82996    98.22744    98.48918    98.58794    98.94125    99.08559   100.87841   102.62415
     0.17381355    95.06850    96.63617    97.04277    97.42770    97.83145    98.23203    98.48751    98.58614    98.93671    99.08334   100.87783   102.62451
     0.17519580    95.07876    96.63314    97.06386    97.43312    97.83278    98.23674    98.48589    98.58449    98.93195    99.08087   100.87720   102.62488
     0.17657806    95.09156    96.63026    97.08501    97.43887    97.83394    98.24152    98.48432    98.58297    98.92699    99.07818   100.87652   102.62525
     0.17796031    95.10724    96.62754    97.10602    97.44507    97.83490    98.24634    98.48284    98.58158    98.92186    99.07529   100.87580   102.62564
     0.17934256    95.12621    96.62500    97.12667    97.45184    97.83566    98.25114    98.48146    98.58029    98.91657    99.07219   100.87504   102.62603
     0.18072481    95.14889    96.62263    97.14671    97.45935    97.83618    98.25589    98.48019    98.57910    98.91117    99.06890   100.87424   102.62643
     0.18210707    95.17550    96.62045    97.16590    97.46777    97.83644    98.26054    98.47907    98.57798    98.90567    99.06541   100.87341   102.62684
     0.18348932    95.20603    96.61842    97.18401    97.47729    97.83643    98.26503    98.47808    98.57693    98.90012    99.06174   100.87255   102.62724
     0.18487157    95.24018    96.61656    97.20079    97.48807    97.83613    98.26932    98.47726    98.57593    98.89455    99.05790   100.87166   102.62765
     0.18625383    95.27742    96.61483    97.21603    97.50025    97.83551    98.27335    98.47659    98.57497    98.88901    99.05389   100.87074   102.62806
     0.18763608    95.31717    96.61322    97.22960    97.51394    97.83457    98.27706    98.47607    98.57406    98.88353    99.04973   100.86979   102.62846
     0.18901833    95.35886    96.61170    97.24139    97.52917    97.83330    98.28042    98.47569    98.57319    98.87817    99.04541   100.86883   102.62886
     0.19040058    95.40197    96.61027    97.25139    97.54588    97.83170    98.28335    98.47542    98.57238    98.87298    99.04096   100.86786   102.62926
     0.19178284    95.44609    96.60888    97.25966    97.56397    97.82976    98.28582    98.47522    98.57164    98.86800    99.03639   100.86687   102.62965
     0.19316509    95.49089    96.60753    97.26630    97.58325    97.82751    98.28778    98.47504    98.57102    98.86328    99.03170   100.86588   102.63003
     0.19454734    95.53607    96.60619    97.27145    97.60349    97.82499    98.28918    98.47482    98.57054    98.85887    99.02692   100.86488   102.63040
     0.19592959    95.58138    96.60483    97.27526    97.62441    97.82227    98.28998    98.47450    98.57027    98.85480    99.02205   100.86388   102.63075
     0.19731185    95.62663    96.60345    97.27789    97.64568    97.81947    98.29014    98.47400    98.57025    98.85113    99.01711   100.86288   102.63110
     0.19869410    95.67162    96.60202    97.27950    97.66688    97.81683    98.28962    98.47326    98.57054    98.84787    99.01212   100.86190   102.63143
     0.20007635    95.71618    96.60055    97.28020    97.68744    97.81473    98.28839    98.47223    98.57120    98.84504    99.00711   100.86092   102.63174
     0.20145861    95.76014    96.59903    97.28013    97.70645    97.81393    98.28642    98.47090    98.57225    98.84267    99.00208   100.85997   102.63203
     0.20284086    95.80334    96.59746    97.27938    97.72250    97.81566    98.28368    98.46926    98.57372    98.84075    98.99707   100.85903   102.63231
     0.20422311    95.84560    96.59587    97.27805    97.73383    97.82157    98.28016    98.46733    98.57562    98.83928    98.99210   100.85812   102.63256
     0.20560536    95.88675    96.59430    97.27621    97.73933    97.83261    98.27585    98.46518    98.57792    98.83823    98.98719   100.85724   102.63279
     0.20698762    95.92660    96.59280    97.27393    97.73967    97.84800    98.27076    98.46286    98.58060    98.83759    98.98238   100.85639   102.63300
     0.20836987    95.96495    96.59144    97.27126    97.73638    97.86608    98.26493    98.46046    98.58361    98.83730    98.97771   100.85558   102.63319
     0.20975212    96.00157    96.59033    97.26825    97.73072    97.88544    98.25841    98.45807    98.58692    98.83732    98.97320   100.85481   102.63335
     0.21113437    96.03622    96.58961    97.26496    97.72346    97.90517    98.25130    98.45575    98.59048    98.83761    98.96891   100.85408   102.63349
     0.21251663    96.06859    96.58944    97.26140    97.71503    97.92466    98.24374    98.45359    98.59426    98.83809    98.96488   100.85340   102.63360
     0.21389888    96.09838    96.59004    97.25763    97.70568    97.94345    98.23592    98.45162    98.59823    98.83869    98.96115   100.85278   102.63368
     0.21528113    96.12526    96.59165    97.25366    97.69557    97.96113    98.22810    98.44992    98.60235    98.83934    98.95779   100.85220   102.63374
     0.21666339    96.14887    96.59450    97.24951    97.68480    97.97726    98.22060    98.44850    98.60660    98.83996    98.95485   100.85168   102.63377
     0.21804564    96.16888    96.59886    97.24522    97.67344    97.99137    98.21386    98.44741    98.61097    98.84048    98.95238   100.85122   102.63377
     0.21942789    96.18502    96.60490    97.24080    97.66156    98.00294    98.20837    98.44667    98.61546    98.84084    98.95042   100.85082   102.63375
     0.22081014    96.19709    96.61274    97.23627    97.64919    98.01145    98.20464    98.44630    98.62004    98.84096    98.94902   100.85048   102.63369
     0.22219240    96.20503    96.62236    97.23164    97.63640    98.01644    98.20310    98.44633    98.62473    98.84081    98.94821   100.85021   102.63362
     0.22357465    96.20891    96.63363    97.22694    97.62320    98.01775    98.20393    98.44678    98.62952    98.84037    98.94799   100.85000   102.63351
     0.22357465    96.20891    96.63363    97.22694    97.62320    98.01775    98.20393    98.44678    98.62952    98.84037    98.94799   100.85000   102.63351
     0.22549017    96.20453    96.62064    97.23114    97.63510    98.01444    98.20423    98.44609    98.62660    98.84105    98.94750   100.85055   102.63435
     0.22740569    96.19613    96.60899    97.23387    97.64767    98.00724    98.20791    98.44583    98.62375    98.84139    98.94738   100.85126   102.63523
     0.22932120    96.18350    96.59904    97.23513    97.66084    97.99655    98.21458    98.44599    98.62095    98.84139    98.94764   100.85210   102.63614
     0.23123672    96.16657    96.59103    97.23492    97.67447    97.98300    98.22361    98.44652    98.61819    98.84105    98.94828   100.85309   102.63709
     0.23315224    96.14545    96.58503    97.23327    97.68840    97.96733    98.23437    98.44738    98.61546    98.84039    98.94931   100.85420   102.63807
     0.23506776    96.12038    96.58097    97.23024    97.70235    97.95023    98.24629    98.44855    98.61276    98.83943    98.95072   100.85544   102.63908
     0.23698328    96.09174    96.57866    97.22589    97.71592    97.93244    98.25891    98.44996    98.61011    98.83820    98.95249   100.85680   102.64012
     0.23889879    96.05994    96.57786    97.22028    97.72846    97.91483    98.27186    98.45157    98.60751    98.83673    98.95459   100.85827   102.64119
     0.24081431    96.02543    96.57830    97.21350    97.73890    97.89864    98.28484    98.45335    98.60499    98.83507    98.95701   100.85985   102.64227
     0.24272983    95.98865    96.57972    97.20565    97.74553    97.88568    98.29759    98.45526    98.60259    98.83324    98.95972   100.86152   102.64338
     0.24464535    95.95000    96.58188    97.19681    97.74616    97.87821    98.30988    98.45727    98.60035    98.83129    98.96268   100.86329   102.64451
     0.24656086    95.90985    96.58458    97.18709    97.73932    97.87774    98.32150    98.45938    98.59831    98.82925    98.96588   100.86515   102.64565
     0.24847638    95.86854    96.58763    97.17658    97.72559    97.88374    98.33225    98.46156    98.59653    98.82716    98.96928   100.86708   102.64680
     0.25039190    95.82637    96.59090    97.16539    97.70689    97.89431    98.34197    98.46384    98.59505    98.82504    98.97286   100.86908   102.64795
     0.25230742    95.78362    96.59424    97.15361    97.68499    97.90769    98.35047    98.46620    98.59394    98.82294    98.97660   100.87114   102.64912
     0.25422294    95.74056    96.59755    97.14135    97.66110    97.92272    98.35763    98.46865    98.59323    98.82089    98.98048   100.87326   102.65028
     0.25613845    95.69741    96.60073    97.12869    97.63594    97.93868    98.36337    98.47119    98.59296    98.81891    98.98445   100.87542   102.65145
     0.25805397    95.65441    96.60370    97.11573    97.60996    97.95516    98.36763    98.47376    98.59314    98.81705    98.98852   100.87763   102.65261
     0.25996949    95.61177    96.60639    97.10256    97.58347    97.97188    98.37043    98.47634    98.59375    98.81534    98.99264   100.87986   102.65376
     0.26188501    95.56970    96.60873    97.08925    97.55669    97.98866    98.37185    98.47884    98.59476    98.81381    98.99681   100.88213   102.65491
     0.26380053    95.52839    96.61068    97.07590    97.52979    98.00535    98.37201    98.48120    98.59609    98.81249    99.00099   100.88441   102.65604
     0.26571604    95.48803    96.61219    97.06255    97.50293    98.02186    98.37104    98.48337    98.59766    98.81142    99.00518   100.88671   102.65715
     0.26763156    95.44878    96.61323    97.04926    97.47624    98.03809    98.36910    98.48530    98.59937    98.81062    99.00934   100.88900   102.65824
     0.26954708    95.41079    96.61379    97.03607    97.44985    98.05397    98.36636    98.48696    98.60109    98.81012    99.01346   100.89130   102.65931
     0.27146260    95.37417    96.61385    97.02301    97.42388    98.06944    98.36298    98.48836    98.60271    98.80994    99.01752   100.89359   102.66036
     0.27337812    95.33898    96.61342    97.01007    97.39848    98.08441    98.35911    98.48948    98.60415    98.81008    99.02151   100.89586   102.66138
     0.27529363    95.30520    96.61253    96.99723    97.37376    98.09884    98.35491    98.49034    98.60530    98.81054    99.02542   100.89811   102.66237
     0.27720915    95.27277    96.61122    96.98447    97.34986    98.11263    98.35055    98.49096    98.60612    98.81131    99.02922   100.90033   102.66333
     0.27912467    95.24153    96.60954    96.97172    97.32691    98.12571    98.34618    98.49136    98.60657    98.81238    99.03291   100.90251   102.66425
     0.28104019    95.21126    96.60756    96.95892    97.30506    98.13798    98.34196    98.49155    98.60661    98.81372    99.03647   100.90465   102.66514
     0.28295571    95.18173    96.60537    96.94599    97.28441    98.14933    98.33807    98.49154    98.60625    98.81530    99.03989   100.90674   102.66599
     0.28487122    95.15266    96.60305    96.93285    97.26510    98.15965    98.33470    98.49134    98.60551    98.81707    99.04318   100.90877   102.66681
     0.28678674    95.12381    96.60070    96.91943    97.24721    98.16879    98.33203    98.49097    98.60441    98.81899    99.04631   100.91074   102.66758
     0.28870226    95.09495    96.59842    96.90568    97.23082    98.17665    98.33023    98.49044    98.60299    98.82102    99.04928   100.91264   102.66831
     0.29061778    95.06592    96.59633    96.89157    97.21596    98.18311    98.32946    98.48974    98.60130    98.82312    99.05209   100.91447   102.66899
     0.29253330    95.03661    96.59450    96.87710    97.20264    98.18813    98.32981    98.48888    98.59938    98.82525    99.05472   100.91621   102.66964
     0.29444881    95.00695    96.59305    96.86234    97.19083    98.19172    98.33130    98.48787    98.59729    98.82738    99.05719   100.91786   102.67024
     0.29636433    94.97695    96.59204    96.84734    97.18047    98.19398    98.33385    98.48672    98.59509    98.82945    99.05948   100.91942   102.67079
     0.29827985    94.94669    96.59155    96.83222    97.17148    98.19510    98.33733    98.48541    98.59282    98.83146    99.06160   100.92087   102.67130
     0.30019537    94.91631    96.59163    96.81711    97.16375    98.19529    98.34152    98.48398    98.59053    98.83336    99.06353   100.92222   102.67177
     0.30211089    94.88604    96.59230    96.80218    97.15716    98.19478    98.34620    98.48243    98.58829    98.83514    99.06529   100.92346   102.67219
     0.30402640    94.85620    96.59359    96.78760    97.15162    98.19379    98.35114    98.48078    98.58615    98.83677    99.06686   100.92459   102.67257
     0.30594192    94.82725    96.59546    96.77356    97.14700    98.19253    98.35613    98.47906    98.58413    98.83825    99.06824   100.92559   102.67290
     0.30785744    94.79974    96.59786    96.76029    97.14321    98.19114    98.36097    98.47734    98.58230    98.83955    99.06945   100.92646   102.67318
     0.30977296    94.77440    96.60067    96.74804    97.14016    98.18977    98.36548    98.47565    98.58069    98.84067    99.07047   100.92721   102.67343
     0.31168848    94.75205    96.60371    96.73712    97.13777    98.18852    98.36946    98.47409    98.57933    98.84160    99.07130   100.92783   102.67362
     0.31360399    94.73356    96.60670    96.72789    97.13597    98.18747    98.37278    98.47273    98.57824    98.84233    99.07195   100.92831   102.67378
     0.31551951    94.71974    96.60930    96.72078    97.13472    98.18668    98.37527    98.47167    98.57744    98.84285    99.07241   100.92866   102.67389
     0.31743503    94.71120    96.61109    96.71626    97.13399    98.18619    98.37682    98.47100    98.57696    98.84317    99.07269   100.92887   102.67395
     0.31935055    94.70831    96.61173    96.71470    97.13375    98.18602    98.37735    98.47076    98.57680    98.84328    99.07278   100.92894   102.67398
     0.31935055    94.70831    96.61173    96.71470    97.13375    98.18602    98.37735    98.47076    98.57680    98.84328    99.07278   100.92894   102.67398
     0.32073280    94.71234    96.61094    96.71587    97.13446    98.18531    98.37762    98.47087    98.57705    98.84317    99.07262   100.92892   102.67400
     0.32211505    94.72394    96.60868    96.71927    97.13661    98.18319    98.37842    98.47119    98.57777    98.84284    99.07215   100.92887   102.67406
     0.32349731    94.74195    96.60521    96.72463    97.14017    98.17974    98.37964    98.47176    98.57898    98.84230    99.07137   100.92880   102.67416
     0.32487956    94.76499    96.60087    96.73162    97.14513    98.17506    98.38114    98.47262    98.58065    98.84155    99.07027   100.92869   102.67430
     0.32626181    94.79181    96.59598    96.73994    97.15145    98.16928    98.38277    98.47382    98.58277    98.84059    99.06886   100.92855   102.67448
     0.32764406    94.82148    96.59079    96.74935    97.15910    98.16253    98.38433    98.47541    98.58532    98.83942    99.06714   100.92839   102.67470
     0.32902632    94.85329    96.58549    96.75965    97.16803    98.15494    98.38568    98.47743    98.58828    98.83806    99.06512   100.92819   102.67496
     0.33040857    94.88675    96.58022    96.77073    97.17819    98.14665    98.38667    98.47990    98.59162    98.83651    99.06280   100.92797   102.67526
     0.33179082    94.92149    96.57508    96.78250    97.18951    98.13774    98.38721    98.48284    98.59532    98.83477    99.06018   100.92772   102.67559
     0.33317307    94.95724    96.57014    96.79489    97.20195    98.12834    98.38723    98.48621    98.59936    98.83287    99.05727   100.92745   102.67596
     0.33455533    94.99378    96.56545    96.80786    97.21541    98.11852    98.38670    98.48996    98.60370    98.83081    99.05408   100.92714   102.67636
     0.33593758    95.03097    96.56104    96.82140    97.22984    98.10837    98.38564    98.49402    98.60832    98.82861    99.05061   100.92682   102.67679
     0.33731983    95.06864    96.55693    96.83548    97.24515    98.09794    98.38405    98.49831    98.61317    98.82629    99.04687   100.92647   102.67726
     0.33870209    95.10670    96.55314    96.85009    97.26127    98.08731    98.38197    98.50277    98.61823    98.82386    99.04287   100.92610   102.67775
     0.34008434    95.14503    96.54967    96.86523    97.27809    98.07653    98.37944    98.50731    98.62344    98.82136    99.03862   100.92570   102.67827
     0.34146659    95.18355    96.54652    96.88089    97.29555    98.06566    98.37649    98.51186    98.62877    98.81880    99.03413   100.92529   102.67882
     0.34284884    95.22216    96.54368    96.89706    97.31355    98.05475    98.37315    98.51636    98.63416    98.81623    99.02942   100.92486   102.67939
     0.34423110    95.26080    96.54114    96.91374    97.33200    98.04384    98.36944    98.52076    98.63956    98.81368    99.02448   100.92441   102.67998
     0.34561335    95.29937    96.53889    96.93092    97.35080    98.03299    98.36540    98.52502    98.64491    98.81119    99.01936   100.92395   102.68059
     0.34699560    95.33781    96.53691    96.94858    97.36986    98.02226    98.36104    98.52908    98.65015    98.80881    99.01404   100.92348   102.68121
     0.34837786    95.37605    96.53519    96.96670    97.38906    98.01169    98.35637    98.53292    98.65520    98.80659    99.00856   100.92299   102.68185
     0.34976011    95.41402    96.53371    96.98527    97.40831    98.00136    98.35142    98.53649    98.66001    98.80460    99.00294   100.92249   102.68251
     0.35114236    95.45165    96.53244    97.00426    97.42750    97.99133    98.34621    98.53976    98.66449    98.80291    98.99718   100.92199   102.68317
     0.35252461    95.48887    96.53137    97.02364    97.44649    97.98167    98.34073    98.54270    98.66858    98.80157    98.99132   100.92148   102.68384
     0.35390687    95.52562    96.53048    97.04338    97.46517    97.97247    98.33503    98.54526    98.67221    98.80065    98.98538   100.92097   102.68451
     0.35528912    95.56182    96.52974    97.06342    97.48339    97.96381    98.32910    98.54742    98.67535    98.80020    98.97937   100.92046   102.68518
     0.35667137    95.59742    96.52913    97.08373    97.50101    97.95580    98.32297    98.54913    98.67796    98.80026    98.97333   100.91995   102.68586
     0.35805362    95.63234    96.52864    97.10425    97.51787    97.94855    98.31668    98.55035    98.68003    98.80086    98.96728   100.91943   102.68652
     0.35943588    95.66651    96.52824    97.12493    97.53381    97.94216    98.31024    98.55104    98.68158    98.80199    98.96124   100.91893   102.68719
     0.36081813    95.69987    96.52790    97.14571    97.54866    97.93677    98.30370    98.55116    98.68267    98.80363    98.95524   100.91843   102.68784
     0.36220038    95.73234    96.52763    97.16651    97.56226    97.93247    98.29709    98.55068    98.68336    98.80572    98.94931   100.91794   102.68848
     0.36358264    95.76385    96.52738    97.18727    97.57445    97.92938    98.29047    98.54957    98.68373    98.80822    98.94347   100.91746   102.68911
     0.36496489    95.79433    96.52716    97.20790    97.58511    97.92755    98.28389    98.54780    98.68387    98.81103    98.93775   100.91699   102.68972
     0.36634714    95.82370    96.52693    97.22832    97.59416    97.92701    98.27743    98.54538    98.68385    98.81411    98.93217   100.91654   102.69031
     0.36772939    95.85189    96.52670    97.24844    97.60156    97.92772    98.27115    98.54231    98.68376    98.81737    98.92674   100.91610   102.69088
     0.36911165    95.87883    96.52645    97.26816    97.60733    97.92961    98.26514    98.53862    98.68363    98.82075    98.92150   100.91569   102.69142
     0.37049390    95.90442    96.52618    97.28738    97.61157    97.93249    98.25949    98.53435    98.68352    98.82420    98.91645   100.91529   102.69194
     0.37187615    95.92859    96.52587    97.30599    97.61440    97.93618    98.25428    98.52957    98.68346    98.82766    98.91161   100.91491   102.69243
     0.37325840    95.95126    96.52552    97.32387    97.61602    97.94042    98.24961    98.52437    98.68344    98.83110    98.90699   100.91456   102.69289
     0.37464066    95.97234    96.52515    97.34090    97.61661    97.94495    98.24556    98.51884    98.68349    98.83448    98.90261   100.91424   102.69331
     0.37602291    95.99175    96.52474    97.35695    97.61640    97.94953    98.24218    98.51312    98.68358    98.83777    98.89846   100.91394   102.69370
     0.37740516    96.00941    96.52432    97.37187    97.61558    97.95392    98.23950    98.50732    98.68372    98.84096    98.89455   100.91367   102.69406
     0.37878742    96.02523    96.52389    97.38554    97.61435    97.95795    98.23754    98.50161    98.68388    98.84401    98.89088   100.91342   102.69437
     0.38016967    96.03913    96.52346    97.39779    97.61289    97.96148    98.23623    98.49615    98.68406    98.84693    98.88747   100.91321   102.69465
     0.38155192    96.05105    96.52306    97.40849    97.61136    97.96445    98.23549    98.49110    98.68423    98.84967    98.88432   100.91303   102.69488
     0.38293417    96.06090    96.52270    97.41749    97.60989    97.96683    98.23519    98.48666    98.68440    98.85221    98.88146   100.91288   102.69508
     0.38431643    96.06863    96.52240    97.42466    97.60861    97.96861    98.23519    98.48298    98.68454    98.85448    98.87895   100.91276   102.69523
     0.38569868    96.07419    96.52217    97.42988    97.60762    97.96985    98.23532    98.48023    98.68464    98.85638    98.87689   100.91268   102.69534
     0.38708093    96.07755    96.52203    97.43305    97.60699    97.97057    98.23546    98.47853    98.68471    98.85768    98.87548   100.91263   102.69540
     0.38846318    96.07867    96.52198    97.43411    97.60678    97.97081    98.23552    98.47795    98.68473    98.85816    98.87497   100.91261   102.69543
     0.38846318    96.07867    96.52198    97.43411    97.60678    97.97081    98.23552    98.47795    98.68473    98.85816    98.87497   100.91261   102.69543
     0.39050581    96.07777    96.52170    97.43285    97.60693    97.97044    98.23596    98.47802    98.68449    98.85801    98.87537   100.91257   102.69528
     0.39254843    96.07504    96.52087    97.42910    97.60737    97.96932    98.23726    98.47825    98.68379    98.85752    98.87659   100.91246   102.69482
     0.39459105    96.07037    96.51957    97.42301    97.60802    97.96746    98.23938    98.47862    98.68268    98.85668    98.87861   100.91227   102.69407
     0.39663367    96.06360    96.51793    97.41481    97.60877    97.96488    98.24227    98.47912    98.68124    98.85546    98.88140   100.91201   102.69303
     0.39867630    96.05451    96.51613    97.40477    97.60950    97.96160    98.24583    98.47974    98.67957    98.85384    98.88488   100.91167   102.69170
     0.40071892    96.04282    96.51437    97.39317    97.61008    97.95768    98.24997    98.48047    98.67777    98.85183    98.88897   100.91127   102.69009
     0.40276154    96.02824    96.51289    97.38033    97.61037    97.95318    98.25457    98.48129    98.67596    98.84945    98.89358   100.91081   102.68820
     0.40480416    96.01049    96.51193    97.36654    97.61024    97.94819    98.25951    98.48217    98.67425    98.84671    98.89861   100.91028   102.68606
     0.40684679    95.98929    96.51172    97.35209    97.60956    97.94284    98.26465    98.48309    98.67274    98.84364    98.90397   100.90971   102.68367
     0.40888941    95.96443    96.51246    97.33723    97.60820    97.93727    98.26987    98.48402    98.67153    98.84025    98.90957   100.90908   102.68104
     0.41093203    95.93578    96.51432    97.32221    97.60601    97.93163    98.27505    98.48492    98.67070    98.83658    98.91534   100.90842   102.67819
     0.41297466    95.90330    96.51739    97.30722    97.60285    97.92610    98.28007    98.48576    98.67031    98.83267    98.92123   100.90772   102.67514
     0.41501728    95.86703    96.52171    97.29245    97.59860    97.92087    98.28484    98.48651    98.67041    98.82855    98.92717   100.90699   102.67189
     0.41705990    95.82714    96.52730    97.27802    97.59315    97.91610    98.28927    98.48712    98.67102    98.82428    98.93312   100.90624   102.66848
     0.41910252    95.78389    96.53409    97.26405    97.58642    97.91194    98.29329    98.48757    98.67215    98.81991    98.93903   100.90548   102.66491
     0.42114515    95.73766    96.54200    97.25062    97.57834    97.90852    98.29683    98.48781    98.67375    98.81552    98.94488   100.90471   102.66120
     0.42318777    95.68892    96.55091    97.23778    97.56894    97.90593    98.29986    98.48783    98.67577    98.81121    98.95062   100.90394   102.65738
     0.42523039    95.63824    96.56068    97.22556    97.55825    97.90420    98.30233    98.48761    98.67810    98.80708    98.95625   100.90318   102.65345
     0.42727301    95.58635    96.57117    97.21396    97.54638    97.90335    98.30422    98.48716    98.68059    98.80328    98.96172   100.90243   102.64944
     0.42931564    95.53411    96.58222    97.20298    97.53349    97.90332    98.30552    98.48647    98.68306    98.79998    98.96704   100.90170   102.64538
     0.43135826    95.48256    96.59365    97.19258    97.51977    97.90405    98.30621    98.48558    98.68528    98.79736    98.97218   100.90100   102.64126
     0.43340088    95.43299    96.60529    97.18272    97.50547    97.90544    98.30627    98.48451    98.68702    98.79563    98.97714   100.90033   102.63712
     0.43544350    95.38685    96.61696    97.17333    97.49085    97.90739    98.30571    98.48331    98.68804    98.79497    98.98190   100.89969   102.63297
     0.43748613    95.34566    96.62848    97.16433    97.47621    97.90978    98.30453    98.48202    98.68815    98.79554    98.98645   100.89910   102.62883
     0.43952875    95.31063    96.63966    97.15562    97.46189    97.91248    98.30272    98.48069    98.68726    98.79736    98.99080   100.89855   102.62471
     0.44157137    95.28230    96.65032    97.14708    97.44822    97.91536    98.30031    98.47937    98.68536    98.80040    98.99494   100.89805   102.62063
     0.44361399    95.26038    96.66028    97.13858    97.43556    97.91829    98.29732    98.47810    98.68255    98.80453    98.99886   100.89759   102.61661
     0.44565662    95.24401    96.66936    97.12999    97.42426    97.92116    98.29378    98.47692    98.67896    98.80956    99.00257   100.89719   102.61266
     0.44769924    95.23216    96.67740    97.12118    97.41465    97.92382    98.28976    98.47588    98.67475    98.81528    99.00607   100.89684   102.60879
     0.44974186    95.22393    96.68427    97.11205    97.40704    97.92615    98.28530    98.47499    98.67007    98.82152    99.00935   100.89655   102.60502
     0.45178448    95.21859    96.68984    97.10253    97.40163    97.92804    98.28050    98.47427    98.66506    98.82811    99.01243   100.89630   102.60136
     0.45382711    95.21560    96.69400    97.09264    97.39859    97.92936    98.27545    98.47374    98.65983    98.83489    99.01530   100.89610   102.59782
     0.45586973    95.21458    96.69672    97.08242    97.39795    97.92999    98.27024    98.47339    98.65449    98.84174    99.01798   100.89595   102.59442
     0.45791235    95.21521    96.69795    97.07201    97.39968    97.92984    98.26500    98.47321    98.64911    98.84857    99.02045   100.89585   102.59115
     0.45995497    95.21725    96.69771    97.06155    97.40365    97.92881    98.25984    98.47320    98.64376    98.85528    99.02274   100.89578   102.58804
     0.46199760    95.22047    96.69607    97.05123    97.40966    97.92683    98.25485    98.47334    98.63850    98.86180    99.02484   100.89575   102.58510
     0.46404022    95.22468    96.69312    97.04123    97.41748    97.92386    98.25015    98.47362    98.63337    98.86808    99.02676   100.89576   102.58232
     0.46608284    95.22968    96.68902    97.03171    97.42684    97.91989    98.24581    98.47401    98.62843    98.87405    99.02851   100.89579   102.57971
     0.46812546    95.23528    96.68394    97.02279    97.43745    97.91494    98.24188    98.47450    98.62371    98.87967    99.03009   100.89584   102.57730
     0.47016809    95.24128    96.67810    97.01459    97.44901    97.90908    98.23842    98.47505    98.61925    98.88491    99.03151   100.89591   102.57507
     0.47221071    95.24750    96.67175    97.00717    97.46120    97.90245    98.23543    98.47565    98.61509    98.88974    99.03277   100.89599   102.57303
     0.47425333    95.25373    96.66514    97.00056    97.47369    97.89520    98.23291    98.47628    98.61125    98.89412    99.03389   100.89608   102.57120
     0.47629595    95.25978    96.65854    96.99478    97.48613    97.88756    98.23082    98.47690    98.60777    98.89803    99.03486   100.89617   102.56958
     0.47833858    95.26547    96.65221    96.98982    97.49817    97.87982    98.22915    98.47750    98.60468    98.90146    99.03568   100.89626   102.56816
     0.48038120    95.27062    96.64638    96.98568    97.50941    97.87229    98.22783    98.47806    98.60201    98.90439    99.03638   100.89634   102.56695
     0.48242382    95.27507    96.64128    96.98232    97.51943    97.86534    98.22683    98.47854    98.59978    98.90680    99.03694   100.89642   102.56596
     0.48446644    95.27869    96.63711    96.97974    97.52783    97.85936    98.22611    98.47895    98.59802    98.90869    99.03737   100.89648   102.56519
     0.48650907    95.28136    96.63401    96.97790    97.53418    97.85474    98.22562    98.47925    98.59675    98.91004    99.03768   100.89652   102.56464
     0.48855169    95.28299    96.63211    96.97681    97.53816    97.85181    98.22533    98.47943    98.59598    98.91086    99.03787   100.89655   102.56431
     0.49059431    95.28355    96.63147    96.97645    97.53951    97.85081    98.22524    98.47949    98.59573    98.91113    99.03793   100.89656   102.56420
