             0.05000             0.00074
             0.15000             0.00074
             0.25000             0.00148
             0.35000             0.00222
             0.45000             0.00222
             0.55000             0.00667
             0.65000             0.00667
             0.75000             0.00667
             0.85000             0.01111
             0.95000             0.01186
             1.05000             0.01482
             1.15000             0.02519
             1.25000             0.02519
             1.35000             0.04075
             1.45000             0.06446
             1.55000             0.09707
             1.65000             0.10670
             1.75000             0.13115
             1.85000             0.13115
             1.95000             0.16153
             2.05000             0.14449
             2.15000             0.12300
             2.25000             0.14004
             2.35000             0.14745
             2.45000             0.08892
             2.55000             0.09262
             2.65000             0.11337
             2.75000             0.08892
             2.85000             0.07484
             2.95000             0.07039
             3.05000             0.08002
             3.15000             0.07261
             3.25000             0.06298
             3.35000             0.05928
             3.45000             0.05928
             3.55000             0.06372
             3.65000             0.06224
             3.75000             0.04075
             3.85000             0.03038
             3.95000             0.01482
             4.05000             0.03260
             4.15000             0.03334
             4.25000             0.02964
             4.35000             0.02519
             4.45000             0.04446
             4.55000             0.05854
             4.65000             0.04075
             4.75000             0.02890
             4.85000             0.04223
             4.95000             0.04298
             5.05000             0.05483
             5.15000             0.04668
             5.25000             0.06595
             5.35000             0.04372
             5.45000             0.06150
             5.55000             0.06150
             5.65000             0.04594
             5.75000             0.04816
             5.85000             0.05557
             5.95000             0.04001
             6.05000             0.02593
             6.15000             0.03112
             6.25000             0.04001
             6.35000             0.04742
             6.45000             0.06224
             6.55000             0.05409
             6.65000             0.05039
             6.75000             0.04890
             6.85000             0.04001
             6.95000             0.04001
             7.05000             0.04149
             7.15000             0.08817
             7.25000             0.13634
             7.35000             0.13856
             7.45000             0.10522
             7.55000             0.13337
             7.65000             0.05483
             7.75000             0.04890
             7.85000             0.04223
             7.95000             0.02816
             8.05000             0.03705
             8.15000             0.06891
             8.25000             0.04372
             8.35000             0.06298
             8.45000             0.04964
             8.55000             0.02816
             8.65000             0.03112
             8.75000             0.03853
             8.85000             0.03112
             8.95000             0.06076
             9.05000             0.05187
             9.15000             0.05779
             9.25000             0.08373
             9.35000             0.12374
             9.45000             0.13263
             9.55000             0.02964
             9.65000             0.06965
             9.75000             0.12152
             9.85000             0.13411
             9.95000             0.13708
            10.05000             0.15560
            10.15000             0.22229
            10.25000             0.18746
            10.35000             0.04520
            10.45000             0.01186
            10.55000             0.00000
            10.65000             0.00000
            10.75000             0.00000
            10.85000             0.00000
            10.95000             0.00000
            11.05000             0.00000
            11.15000             0.00000
            11.25000             0.00000
            11.35000             0.00000
            11.45000             0.00000
            11.55000             0.00000
            11.65000             0.00000
            11.75000             0.00000
            11.85000             0.00000
            11.95000             0.00000
            12.05000             0.00000
            12.15000             0.00000
            12.25000             0.00000
            12.35000             0.00000
            12.45000             0.00000
            12.55000             0.00000
            12.65000             0.00000
            12.75000             0.00000
            12.85000             0.00000
            12.95000             0.00000
            13.05000             0.00000
            13.15000             0.00000
            13.25000             0.00000
            13.35000             0.00000
            13.45000             0.00000
            13.55000             0.00000
            13.65000             0.00000
            13.75000             0.00000
            13.85000             0.00000
            13.95000             0.00000
            14.05000             0.00000
            14.15000             0.00000
            14.25000             0.00000
            14.35000             0.00000
            14.45000             0.00000
            14.55000             0.00000
            14.65000             0.00000
            14.75000             0.00000
            14.85000             0.00000
            14.95000             0.00000
            15.05000             0.00000
            15.15000             0.00000
            15.25000             0.00000
            15.35000             0.00000
            15.45000             0.00000
            15.55000             0.00000
            15.65000             0.00000
            15.75000             0.00000
            15.85000             0.00000
            15.95000             0.00000
            16.05000             0.00000
            16.15000             0.00000
            16.25000             0.00000
            16.35000             0.00000
            16.45000             0.00000
            16.55000             0.00000
            16.65000             0.00000
            16.75000             0.00000
            16.85000             0.00000
            16.95000             0.00000
            17.05000             0.00000
            17.15000             0.00000
            17.25000             0.00000
            17.35000             0.00000
            17.45000             0.00000
            17.55000             0.00000
            17.65000             0.00074
            17.75000             0.01037
            17.85000             0.02001
            17.95000             0.04890
            18.05000             0.05705
            18.15000             0.05261
            18.25000             0.05928
            18.35000             0.06669
            18.45000             0.06520
            18.55000             0.06520
            18.65000             0.06817
            18.75000             0.05779
            18.85000             0.06743
            18.95000             0.05557
            19.05000             0.07854
            19.15000             0.06743
            19.25000             0.04075
            19.35000             0.02519
            19.45000             0.02667
            19.55000             0.07113
            19.65000             0.05113
            19.75000             0.03334
            19.85000             0.03260
            19.95000             0.02149
            20.05000             0.02667
            20.15000             0.02816
            20.25000             0.02519
            20.35000             0.03631
            20.45000             0.02593
            20.55000             0.04520
            20.65000             0.06002
            20.75000             0.05928
            20.85000             0.04964
            20.95000             0.08669
            21.05000             0.06520
            21.15000             0.06002
            21.25000             0.05335
            21.35000             0.04816
            21.45000             0.04446
            21.55000             0.06743
            21.65000             0.06669
            21.75000             0.08447
            21.85000             0.09114
            21.95000             0.07187
            22.05000             0.07261
            22.15000             0.06891
            22.25000             0.07484
            22.35000             0.06891
            22.45000             0.06224
            22.55000             0.07187
            22.65000             0.10892
            22.75000             0.09781
            22.85000             0.06743
            22.95000             0.06002
            23.05000             0.01334
            23.15000             0.00741
            23.25000             0.02667
            23.35000             0.03557
            23.45000             0.03631
            23.55000             0.00741
            23.65000             0.00815
            23.75000             0.01334
            23.85000             0.02001
            23.95000             0.03853
            24.05000             0.02742
            24.15000             0.01260
            24.25000             0.02297
            24.35000             0.02075
            24.45000             0.02297
            24.55000             0.01778
            24.65000             0.01186
            24.75000             0.00222
            24.85000             0.00296
            24.95000             0.00445
