     0.00000000    96.02200    96.46714    97.12069    97.27523    97.47401    98.43791    98.50488    99.00181   100.14173   100.60762   101.86286   104.26231
     0.00138225    96.02099    96.46694    97.12033    97.27502    97.47436    98.43779    98.50562    99.00176   100.14188   100.60765   101.86295   104.26228
     0.00276451    96.01797    96.46634    97.11919    97.27448    97.47541    98.43745    98.50778    99.00161   100.14233   100.60774   101.86324   104.26219
     0.00414676    96.01297    96.46536    97.11704    97.27380    97.47715    98.43695    98.51129    99.00136   100.14308   100.60789   101.86372   104.26204
     0.00552901    96.00605    96.46400    97.11355    97.27331    97.47957    98.43641    98.51599    99.00103   100.14413   100.60810   101.86438   104.26182
     0.00691126    95.99729    96.46229    97.10833    97.27337    97.48268    98.43590    98.52174    99.00061   100.14546   100.60836   101.86523   104.26155
     0.00829352    95.98678    96.46024    97.10101    97.27433    97.48649    98.43550    98.52839    99.00011   100.14708   100.60869   101.86626   104.26122
     0.00967577    95.97462    96.45789    97.09129    97.27641    97.49099    98.43526    98.53580    98.99956   100.14896   100.60907   101.86746   104.26083
     0.01105802    95.96094    96.45523    97.07904    97.27973    97.49622    98.43523    98.54386    98.99896   100.15110   100.60952   101.86884   104.26038
     0.01244027    95.94587    96.45231    97.06423    97.28422    97.50222    98.43541    98.55243    98.99834   100.15349   100.61003   101.87039   104.25988
     0.01382253    95.92954    96.44912    97.04697    97.28972    97.50902    98.43581    98.56140    98.99770   100.15611   100.61059   101.87209   104.25933
     0.01520478    95.91209    96.44567    97.02745    97.29600    97.51668    98.43642    98.57067    98.99709   100.15894   100.61122   101.87395   104.25873
     0.01658703    95.89368    96.44197    97.00585    97.30280    97.52523    98.43723    98.58014    98.99651   100.16198   100.61192   101.87596   104.25808
     0.01796929    95.87444    96.43801    96.98239    97.30987    97.53473    98.43821    98.58970    98.99601   100.16519   100.61267   101.87811   104.25738
     0.01935154    95.85451    96.43378    96.95728    97.31699    97.54520    98.43935    98.59926    98.99561   100.16857   100.61348   101.88038   104.25664
     0.02073379    95.83403    96.42927    96.93073    97.32396    97.55668    98.44061    98.60872    98.99536   100.17210   100.61435   101.88277   104.25586
     0.02211604    95.81315    96.42443    96.90293    97.33063    97.56914    98.44196    98.61799    98.99529   100.17575   100.61529   101.88528   104.25503
     0.02349830    95.79200    96.41924    96.87408    97.33689    97.58258    98.44337    98.62698    98.99543   100.17951   100.61628   101.88788   104.25418
     0.02488055    95.77070    96.41363    96.84437    97.34266    97.59695    98.44482    98.63561    98.99584   100.18335   100.61732   101.89058   104.25329
     0.02626280    95.74937    96.40753    96.81401    97.34790    97.61220    98.44625    98.64379    98.99655   100.18727   100.61842   101.89336   104.25238
     0.02764505    95.72814    96.40084    96.78323    97.35259    97.62825    98.44765    98.65145    98.99759   100.19123   100.61957   101.89620   104.25143
     0.02902731    95.70712    96.39343    96.75226    97.35674    97.64502    98.44897    98.65853    98.99901   100.19523   100.62077   101.89910   104.25047
     0.03040956    95.68642    96.38513    96.72138    97.36036    97.66243    98.45018    98.66498    99.00083   100.19924   100.62202   101.90205   104.24949
     0.03179181    95.66614    96.37574    96.69091    97.36347    97.68039    98.45123    98.67076    99.00307   100.20325   100.62330   101.90503   104.24850
     0.03317407    95.64638    96.36499    96.66121    97.36612    97.69882    98.45210    98.67583    99.00574   100.20723   100.62462   101.90804   104.24749
     0.03455632    95.62724    96.35258    96.63269    97.36833    97.71763    98.45274    98.68018    99.00884   100.21118   100.62598   101.91105   104.24648
     0.03593857    95.60879    96.33817    96.60577    97.37015    97.73674    98.45311    98.68382    99.01236   100.21507   100.62736   101.91406   104.24546
     0.03732082    95.59112    96.32144    96.58087    97.37161    97.75609    98.45319    98.68678    99.01628   100.21890   100.62876   101.91706   104.24445
     0.03870308    95.57431    96.30214    96.55833    97.37275    97.77560    98.45293    98.68907    99.02057   100.22265   100.63017   101.92004   104.24345
     0.04008533    95.55843    96.28017    96.53836    97.37359    97.79520    98.45229    98.69074    99.02518   100.22630   100.63160   101.92298   104.24245
     0.04146758    95.54354    96.25559    96.52099    97.37418    97.81484    98.45126    98.69185    99.03006   100.22984   100.63302   101.92587   104.24147
     0.04284983    95.52972    96.22863    96.50608    97.37454    97.83444    98.44979    98.69247    99.03515   100.23327   100.63444   101.92870   104.24050
     0.04423209    95.51702    96.19965    96.49338    97.37471    97.85396    98.44786    98.69265    99.04040   100.23658   100.63584   101.93146   104.23956
     0.04561434    95.50550    96.16905    96.48259    97.37470    97.87333    98.44546    98.69248    99.04574   100.23974   100.63722   101.93414   104.23864
     0.04699659    95.49520    96.13724    96.47339    97.37456    97.89248    98.44257    98.69200    99.05112   100.24277   100.63858   101.93672   104.23775
     0.04837885    95.48619    96.10461    96.46553    97.37430    97.91137    98.43919    98.69131    99.05647   100.24564   100.63989   101.93921   104.23689
     0.04976110    95.47850    96.07150    96.45877    97.37394    97.92992    98.43533    98.69044    99.06174   100.24835   100.64117   101.94158   104.23607
     0.05114335    95.47217    96.03824    96.45293    97.37351    97.94806    98.43100    98.68946    99.06688   100.25089   100.64239   101.94383   104.23529
     0.05252560    95.46724    96.00510    96.44786    97.37303    97.96572    98.42624    98.68843    99.07182   100.25327   100.64356   101.94595   104.23456
     0.05390786    95.46374    95.97235    96.44345    97.37252    97.98281    98.42110    98.68737    99.07654   100.25547   100.64466   101.94794   104.23387
     0.05529011    95.46167    95.94027    96.43962    97.37199    97.99923    98.41564    98.68634    99.08098   100.25750   100.64569   101.94978   104.23323
     0.05667236    95.46102    95.90913    96.43629    97.37146    98.01488    98.40995    98.68534    99.08510   100.25934   100.64664   101.95146   104.23264
     0.05805461    95.46174    95.87921    96.43341    97.37095    98.02962    98.40414    98.68442    99.08888   100.26099   100.64750   101.95299   104.23211
     0.05943687    95.46373    95.85084    96.43094    97.37046    98.04332    98.39834    98.68358    99.09229   100.26246   100.64828   101.95435   104.23163
     0.06081912    95.46683    95.82440    96.42886    97.37002    98.05580    98.39271    98.68284    99.09529   100.26373   100.64897   101.95554   104.23122
     0.06220137    95.47079    95.80035    96.42712    97.36963    98.06688    98.38744    98.68220    99.09786   100.26481   100.64955   101.95656   104.23086
     0.06358363    95.47523    95.77921    96.42573    97.36930    98.07635    98.38271    98.68167    99.10000   100.26570   100.65004   101.95740   104.23057
     0.06496588    95.47967    95.76162    96.42466    97.36903    98.08402    98.37874    98.68126    99.10167   100.26639   100.65042   101.95805   104.23034
     0.06634813    95.48352    95.74830    96.42390    97.36884    98.08967    98.37573    98.68097    99.10287   100.26688   100.65069   101.95852   104.23017
     0.06773038    95.48615    95.73995    96.42345    97.36872    98.09313    98.37385    98.68079    99.10360   100.26718   100.65086   101.95880   104.23007
     0.06911264    95.48709    95.73710    96.42330    97.36868    98.09430    98.37320    98.68073    99.10384   100.26728   100.65091   101.95889   104.23004
     0.06911264    95.48709    95.73710    96.42330    97.36868    98.09430    98.37320    98.68073    99.10384   100.26728   100.65091   101.95889   104.23004
     0.07081962    95.48651    95.74017    96.42351    97.36884    98.09144    98.37542    98.67970    99.10425   100.26707   100.65094   101.95875   104.22985
     0.07252661    95.48484    95.74922    96.42415    97.36931    98.08314    98.38180    98.67664    99.10544   100.26643   100.65102   101.95830   104.22927
     0.07423360    95.48231    95.76381    96.42521    97.37010    98.07005    98.39167    98.67163    99.10737   100.26535   100.65116   101.95757   104.22830
     0.07594059    95.47922    95.78334    96.42670    97.37120    98.05302    98.40420    98.66478    99.10994   100.26381   100.65137   101.95655   104.22695
     0.07764757    95.47583    95.80711    96.42860    97.37262    98.03285    98.41857    98.65626    99.11304   100.26177   100.65168   101.95524   104.22522
     0.07935456    95.47237    95.83449    96.43094    97.37433    98.01019    98.43409    98.64628    99.11655   100.25921   100.65211   101.95366   104.22311
     0.08106155    95.46901    95.86486    96.43370    97.37635    97.98557    98.45018    98.63511    99.12033   100.25609   100.65267   101.95181   104.22062
     0.08276854    95.46587    95.89765    96.43690    97.37866    97.95938    98.46627    98.62312    99.12426   100.25235   100.65340   101.94970   104.21776
     0.08447552    95.46308    95.93236    96.44057    97.38124    97.93193    98.48169    98.61088    99.12822   100.24796   100.65433   101.94735   104.21453
     0.08618251    95.46074    95.96852    96.44474    97.38407    97.90348    98.49539    98.59941    99.13208   100.24287   100.65546   101.94476   104.21093
     0.08788950    95.45897    96.00567    96.44947    97.38713    97.87424    98.50541    98.59069    99.13577   100.23703   100.65684   101.94196   104.20698
     0.08959649    95.45787    96.04336    96.45485    97.39037    97.84441    98.50870    98.58782    99.13917   100.23040   100.65847   101.93895   104.20267
     0.09130347    95.45760    96.08113    96.46103    97.39373    97.81418    98.50350    98.59260    99.14223   100.22296   100.66037   101.93576   104.19801
     0.09301046    95.45830    96.11847    96.46820    97.39711    97.78375    98.49174    98.60318    99.14488   100.21466   100.66253   101.93240   104.19301
     0.09471745    95.46013    96.15482    96.47665    97.40038    97.75336    98.47624    98.61684    99.14707   100.20548   100.66497   101.92889   104.18767
     0.09642444    95.46326    96.18954    96.48675    97.40336    97.72330    98.45868    98.63194    99.14876   100.19542   100.66767   101.92525   104.18201
     0.09813142    95.46787    96.22190    96.49898    97.40574    97.69396    98.43994    98.64771    99.14992   100.18446   100.67062   101.92150   104.17603
     0.09983841    95.47411    96.25113    96.51387    97.40711    97.66584    98.42050    98.66377    99.15054   100.17260   100.67380   101.91766   104.16975
     0.10154540    95.48215    96.27655    96.53186    97.40686    97.63965    98.40063    98.67991    99.15059   100.15984   100.67719   101.91375   104.16317
     0.10325239    95.49211    96.29771    96.55320    97.40414    97.61628    98.38056    98.69600    99.15007   100.14621   100.68075   101.90980   104.15629
     0.10495937    95.50407    96.31449    96.57777    97.39800    97.59680    98.36045    98.71198    99.14898   100.13172   100.68447   101.90582   104.14914
     0.10666636    95.51809    96.32714    96.60511    97.38757    97.58215    98.34043    98.72779    99.14734   100.11639   100.68830   101.90184   104.14173
     0.10837335    95.53416    96.33614    96.63453    97.37253    97.57274    98.32066    98.74340    99.14515   100.10027   100.69221   101.89788   104.13406
     0.11008034    95.55223    96.34203    96.66527    97.35333    97.56821    98.30126    98.75877    99.14242   100.08338   100.69617   101.89397   104.12615
     0.11178732    95.57217    96.34533    96.69657    97.33093    97.56772    98.28235    98.77386    99.13919   100.06578   100.70015   101.89011   104.11801
     0.11349431    95.59384    96.34647    96.72774    97.30651    97.57025    98.26409    98.78866    99.13547   100.04749   100.70411   101.88634   104.10965
     0.11520130    95.61700    96.34581    96.75812    97.28112    97.57493    98.24661    98.80311    99.13129   100.02858   100.70802   101.88267   104.10110
     0.11690829    95.64142    96.34364    96.78702    97.25574    97.58109    98.23007    98.81720    99.12669   100.00911   100.71187   101.87912   104.09236
     0.11861527    95.66680    96.34021    96.81367    97.23134    97.58819    98.21460    98.83087    99.12169    99.98912   100.71563   101.87571   104.08344
     0.12032226    95.69281    96.33577    96.83715    97.20895    97.59582    98.20038    98.84410    99.11635    99.96869   100.71927   101.87245   104.07437
     0.12202925    95.71910    96.33056    96.85628    97.18980    97.60366    98.18756    98.85682    99.11070    99.94788   100.72278   101.86936   104.06516
     0.12373624    95.74528    96.32483    96.86971    97.17529    97.61143    98.17631    98.86899    99.10478    99.92678   100.72615   101.86646   104.05583
     0.12544322    95.77091    96.31888    96.87613    97.16671    97.61889    98.16676    98.88055    99.09864    99.90545   100.72937   101.86375   104.04639
     0.12715021    95.79552    96.31306    96.87481    97.16479    97.62585    98.15905    98.89144    99.09233    99.88398   100.73243   101.86124   104.03685
     0.12885720    95.81860    96.30775    96.86603    97.16923    97.63214    98.15329    98.90160    99.08590    99.86246   100.73533   101.85895   104.02724
     0.13056419    95.83958    96.30340    96.85095    97.17885    97.63766    98.14953    98.91095    99.07940    99.84099   100.73808   101.85688   104.01758
     0.13227117    95.85790    96.30049    96.83106    97.19211    97.64236    98.14781    98.91943    99.07288    99.81967   100.74068   101.85503   104.00787
     0.13397816    95.87299    96.29951    96.80771    97.20763    97.64623    98.14809    98.92697    99.06639    99.79859   100.74313   101.85342   103.99814
     0.13568515    95.88435    96.30086    96.78192    97.22433    97.64933    98.15029    98.93349    99.06000    99.77786   100.74545   101.85203   103.98840
     0.13739214    95.89166    96.30482    96.75444    97.24142    97.65179    98.15428    98.93893    99.05376    99.75760   100.74765   101.85088   103.97868
     0.13909913    95.89479    96.31147    96.72577    97.25833    97.65374    98.15989    98.94322    99.04772    99.73790   100.74974   101.84996   103.96899
     0.14080611    95.89386    96.32064    96.69628    97.27465    97.65540    98.16693    98.94631    99.04193    99.71888   100.75174   101.84927   103.95934
     0.14251310    95.88920    96.33195    96.66624    97.29005    97.65695    98.17518    98.94816    99.03643    99.70063   100.75367   101.84880   103.94975
     0.14422009    95.88127    96.34486    96.63590    97.30431    97.65861    98.18441    98.94878    99.03124    99.68324   100.75555   101.84856   103.94025
     0.14592708    95.87060    96.35874    96.60551    97.31723    97.66057    98.19440    98.94817    99.02640    99.66680   100.75740   101.84852   103.93084
     0.14763406    95.85772    96.37282    96.57543    97.32868    97.66299    98.20493    98.94639    99.02189    99.65138   100.75923   101.84869   103.92154
     0.14934105    95.84314    96.38608    96.54629    97.33857    97.66600    98.21581    98.94352    99.01772    99.63703   100.76107   101.84906   103.91238
     0.15104804    95.82730    96.39683    96.51944    97.34687    97.66966    98.22683    98.93967    99.01387    99.62379   100.76294   101.84962   103.90336
     0.15275503    95.81061    96.40172    96.49796    97.35359    97.67398    98.23781    98.93497    99.01033    99.61168   100.76485   101.85035   103.89451
     0.15446201    95.79343    96.39555    96.48681    97.35879    97.67892    98.24860    98.92960    99.00709    99.60070   100.76683   101.85125   103.88583
     0.15446201    95.79343    96.39555    96.48681    97.35879    97.67892    98.24860    98.92960    99.00709    99.60070   100.76683   101.85125   103.88583
     0.15584427    95.80195    96.39705    96.48985    97.35618    97.67561    98.24150    98.93719    99.00796    99.59791   100.76806   101.85077   103.88604
     0.15722652    95.81000    96.38536    96.50453    97.35229    97.67330    98.23344    98.94510    99.00940    99.59549   100.76942   101.85046   103.88618
     0.15860877    95.81749    96.36624    96.52516    97.34715    97.67193    98.22450    98.95286    99.01178    99.59346   100.77091   101.85030   103.88627
     0.15999102    95.82432    96.34354    96.54797    97.34084    97.67144    98.21477    98.95985    99.01562    99.59183   100.77251   101.85029   103.88630
     0.16137328    95.83035    96.31898    96.57136    97.33350    97.67173    98.20434    98.96543    99.02144    99.59063   100.77423   101.85044   103.88626
     0.16275553    95.83539    96.29346    96.59455    97.32527    97.67270    98.19329    98.96920    99.02952    99.58988   100.77604   101.85073   103.88616
     0.16413778    95.83918    96.26761    96.61710    97.31633    97.67420    98.18174    98.97120    99.03973    99.58959   100.77796   101.85118   103.88600
     0.16552003    95.84142    96.24199    96.63870    97.30689    97.67613    98.16980    98.97172    99.05163    99.58980   100.77996   101.85177   103.88577
     0.16690229    95.84169    96.21716    96.65908    97.29716    97.67835    98.15757    98.97111    99.06478    99.59051   100.78204   101.85250   103.88549
     0.16828454    95.83951    96.19374    96.67797    97.28740    97.68073    98.14519    98.96963    99.07882    99.59174   100.78418   101.85337   103.88514
     0.16966679    95.83434    96.17238    96.69512    97.27786    97.68314    98.13276    98.96743    99.09348    99.59351   100.78638   101.85437   103.88474
     0.17104905    95.82563    96.15373    96.71026    97.26882    97.68545    98.12044    98.96464    99.10856    99.59583   100.78863   101.85550   103.88428
     0.17243130    95.81294    96.13830    96.72313    97.26055    97.68754    98.10836    98.96132    99.12390    99.59870   100.79091   101.85675   103.88376
     0.17381355    95.79606    96.12638    96.73347    97.25332    97.68928    98.09669    98.95750    99.13937    99.60212   100.79322   101.85811   103.88319
     0.17519580    95.77505    96.11799    96.74104    97.24735    97.69057    98.08557    98.95323    99.15488    99.60610   100.79554   101.85958   103.88257
     0.17657806    95.75024    96.11286    96.74566    97.24282    97.69129    98.07518    98.94852    99.17033    99.61062   100.79786   101.86114   103.88189
     0.17796031    95.72211    96.11059    96.74721    97.23982    97.69137    98.06568    98.94339    99.18565    99.61568   100.80017   101.86281   103.88117
     0.17934256    95.69120    96.11067    96.74567    97.23835    97.69072    98.05723    98.93786    99.20077    99.62126   100.80247   101.86455   103.88040
     0.18072481    95.65803    96.11267    96.74110    97.23830    97.68933    98.04998    98.93194    99.21563    99.62733   100.80473   101.86638   103.87959
     0.18210707    95.62306    96.11618    96.73365    97.23946    97.68719    98.04404    98.92565    99.23017    99.63388   100.80695   101.86828   103.87874
     0.18348932    95.58667    96.12087    96.72354    97.24153    97.68437    98.03951    98.91901    99.24434    99.64087   100.80912   101.87024   103.87785
     0.18487157    95.54919    96.12646    96.71105    97.24415    97.68099    98.03645    98.91204    99.25810    99.64827   100.81122   101.87225   103.87693
     0.18625383    95.51090    96.13274    96.69648    97.24692    97.67722    98.03487    98.90474    99.27141    99.65605   100.81326   101.87431   103.87598
     0.18763608    95.47202    96.13953    96.68011    97.24945    97.67328    98.03475    98.89714    99.28423    99.66417   100.81521   101.87642   103.87501
     0.18901833    95.43278    96.14668    96.66225    97.25132    97.66943    98.03606    98.88926    99.29653    99.67259   100.81708   101.87855   103.87401
     0.19040058    95.39337    96.15406    96.64318    97.25216    97.66595    98.03872    98.88112    99.30828    99.68126   100.81884   101.88072   103.87299
     0.19178284    95.35399    96.16153    96.62317    97.25163    97.66312    98.04265    98.87273    99.31945    99.69014   100.82050   101.88289   103.87196
     0.19316509    95.31485    96.16898    96.60248    97.24948    97.66118    98.04777    98.86411    99.33002    99.69919   100.82205   101.88508   103.87092
     0.19454734    95.27619    96.17628    96.58134    97.24550    97.66033    98.05398    98.85528    99.33998    99.70835   100.82348   101.88727   103.86987
     0.19592959    95.23828    96.18330    96.56002    97.23960    97.66069    98.06119    98.84626    99.34930    99.71759   100.82479   101.88946   103.86882
     0.19731185    95.20148    96.18989    96.53875    97.23177    97.66232    98.06932    98.83707    99.35798    99.72684   100.82597   101.89164   103.86777
     0.19869410    95.16625    96.19586    96.51781    97.22207    97.66521    98.07829    98.82772    99.36601    99.73608   100.82701   101.89379   103.86673
     0.20007635    95.13316    96.20101    96.49747    97.21066    97.66928    98.08803    98.81822    99.37337    99.74524   100.82792   101.89592   103.86570
     0.20145861    95.10300    96.20510    96.47806    97.19771    97.67441    98.09846    98.80860    99.38006    99.75429   100.82869   101.89802   103.86469
     0.20284086    95.07671    96.20784    96.45992    97.18346    97.68048    98.10952    98.79887    99.38607    99.76318   100.82932   101.90007   103.86369
     0.20422311    95.05527    96.20892    96.44340    97.16816    97.68733    98.12115    98.78905    99.39140    99.77186   100.82980   101.90208   103.86272
     0.20560536    95.03950    96.20805    96.42885    97.15204    97.69483    98.13329    98.77916    99.39605    99.78031   100.83015   101.90404   103.86178
     0.20698762    95.02961    96.20500    96.41653    97.13537    97.70283    98.14587    98.76922    99.40002    99.78847   100.83035   101.90594   103.86087
     0.20836987    95.02515    96.19967    96.40658    97.11838    97.71121    98.15884    98.75925    99.40330    99.79631   100.83041   101.90777   103.85999
     0.20975212    95.02514    96.19217    96.39892    97.10132    97.71988    98.17214    98.74927    99.40589    99.80380   100.83034   101.90953   103.85916
     0.21113437    95.02845    96.18278    96.39329    97.08442    97.72874    98.18570    98.73932    99.40781    99.81090   100.83012   101.91121   103.85836
     0.21251663    95.03404    96.17192    96.38929    97.06789    97.73772    98.19945    98.72942    99.40905    99.81759   100.82978   101.91281   103.85762
     0.21389888    95.04108    96.16008    96.38645    97.05196    97.74675    98.21332    98.71962    99.40961    99.82383   100.82931   101.91431   103.85692
     0.21528113    95.04893    96.14773    96.38431    97.03683    97.75578    98.22722    98.70996    99.40950    99.82959   100.82871   101.91573   103.85628
     0.21666339    95.05711    96.13529    96.38249    97.02269    97.76478    98.24107    98.70049    99.40873    99.83487   100.82799   101.91704   103.85569
     0.21804564    95.06522    96.12313    96.38064    97.00972    97.77371    98.25477    98.69129    99.40729    99.83963   100.82716   101.91824   103.85517
     0.21942789    95.07298    96.11152    96.37851    96.99808    97.78255    98.26820    98.68244    99.40520    99.84386   100.82622   101.91934   103.85470
     0.22081014    95.08014    96.10071    96.37591    96.98791    97.79127    98.28124    98.67403    99.40247    99.84755   100.82518   101.92032   103.85430
     0.22219240    95.08652    96.09086    96.37273    96.97931    97.79986    98.29374    98.66618    99.39910    99.85068   100.82403   101.92118   103.85396
     0.22357465    95.09196    96.08210    96.36890    96.97236    97.80831    98.30553    98.65903    99.39510    99.85324   100.82280   101.92192   103.85368
     0.22357465    95.09196    96.08210    96.36890    96.97236    97.80831    98.30553    98.65903    99.39510    99.85324   100.82280   101.92192   103.85368
     0.22549017    95.08292    96.08727    96.37485    96.98204    97.80736    98.28966    98.66454    99.38743    99.86117   100.82583   101.91915   103.84237
     0.22740569    95.07452    96.09213    96.38041    96.99301    97.80684    98.27326    98.67062    99.37885    99.86866   100.82879   101.91621   103.83128
     0.22932120    95.06687    96.09678    96.38547    97.00522    97.80670    98.25663    98.67710    99.36941    99.87569   100.83168   101.91311   103.82042
     0.23123672    95.06013    96.10133    96.38995    97.01856    97.80687    98.24003    98.68382    99.35914    99.88224   100.83448   101.90987   103.80980
     0.23315224    95.05452    96.10584    96.39379    97.03293    97.80726    98.22371    98.69067    99.34805    99.88827   100.83717   101.90648   103.79943
     0.23506776    95.05037    96.11041    96.39698    97.04818    97.80779    98.20791    98.69755    99.33620    99.89378   100.83976   101.90297   103.78931
     0.23698328    95.04819    96.11510    96.39951    97.06413    97.80839    98.19285    98.70440    99.32362    99.89873   100.84222   101.89934   103.77944
     0.23889879    95.04870    96.11997    96.40141    97.08061    97.80897    98.17875    98.71117    99.31036    99.90312   100.84455   101.89559   103.76984
     0.24081431    95.05291    96.12506    96.40275    97.09740    97.80944    98.16581    98.71781    99.29647    99.90692   100.84674   101.89173   103.76049
     0.24272983    95.06205    96.13042    96.40359    97.11427    97.80974    98.15423    98.72429    99.28198    99.91013   100.84880   101.88777   103.75141
     0.24464535    95.07724    96.13606    96.40403    97.13099    97.80982    98.14419    98.73057    99.26696    99.91274   100.85072   101.88371   103.74260
     0.24656086    95.09902    96.14199    96.40418    97.14730    97.80966    98.13584    98.73665    99.25146    99.91474   100.85249   101.87956   103.73406
     0.24847638    95.12700    96.14822    96.40416    97.16295    97.80927    98.12931    98.74247    99.23553    99.91614   100.85413   101.87532   103.72578
     0.25039190    95.16005    96.15473    96.40411    97.17768    97.80869    98.12469    98.74802    99.21925    99.91693   100.85562   101.87099   103.71777
     0.25230742    95.19684    96.16149    96.40418    97.19122    97.80802    98.12202    98.75326    99.20268    99.91713   100.85698   101.86658   103.71003
     0.25422294    95.23616    96.16847    96.40452    97.20333    97.80738    98.12132    98.75814    99.18590    99.91674   100.85821   101.86209   103.70255
     0.25613845    95.27705    96.17561    96.40530    97.21380    97.80691    98.12255    98.76262    99.16898    99.91580   100.85931   101.85753   103.69534
     0.25805397    95.31880    96.18286    96.40668    97.22243    97.80676    98.12564    98.76664    99.15204    99.91431   100.86029   101.85289   103.68839
     0.25996949    95.36088    96.19017    96.40882    97.22905    97.80707    98.13051    98.77012    99.13516    99.91231   100.86116   101.84818   103.68170
     0.26188501    95.40288    96.19749    96.41189    97.23358    97.80794    98.13706    98.77298    99.11845    99.90983   100.86191   101.84340   103.67527
     0.26380053    95.44445    96.20480    96.41601    97.23596    97.80945    98.14518    98.77512    99.10205    99.90690   100.86257   101.83856   103.66908
     0.26571604    95.48532    96.21209    96.42129    97.23618    97.81162    98.15475    98.77643    99.08610    99.90356   100.86313   101.83367   103.66315
     0.26763156    95.52523    96.21938    96.42782    97.23432    97.81443    98.16564    98.77679    99.07072    99.89986   100.86360   101.82872   103.65747
     0.26954708    95.56397    96.22675    96.43562    97.23046    97.81784    98.17773    98.77607    99.05608    99.89584   100.86399   101.82374   103.65203
     0.27146260    95.60132    96.23429    96.44469    97.22474    97.82177    98.19089    98.77416    99.04232    99.89154   100.86430   101.81872   103.64683
     0.27337812    95.63707    96.24214    96.45499    97.21733    97.82612    98.20499    98.77096    99.02956    99.88703   100.86455   101.81368   103.64186
     0.27529363    95.67106    96.25046    96.46644    97.20838    97.83078    98.21989    98.76639    99.01791    99.88234   100.86473   101.80862   103.63713
     0.27720915    95.70310    96.25940    96.47894    97.19808    97.83565    98.23546    98.76044    99.00741    99.87753   100.86487   101.80357   103.63263
     0.27912467    95.73304    96.26913    96.49238    97.18660    97.84064    98.25156    98.75314    98.99807    99.87266   100.86495   101.79854   103.62835
     0.28104019    95.76078    96.27978    96.50663    97.17411    97.84565    98.26806    98.74458    98.98983    99.86777   100.86499   101.79353   103.62430
     0.28295571    95.78622    96.29144    96.52156    97.16076    97.85059    98.28482    98.73492    98.98259    99.86291   100.86500   101.78858   103.62046
     0.28487122    95.80934    96.30416    96.53702    97.14670    97.85542    98.30171    98.72435    98.97621    99.85813   100.86498   101.78370   103.61684
     0.28678674    95.83015    96.31793    96.55288    97.13208    97.86005    98.31862    98.71308    98.97056    99.85348   100.86493   101.77890   103.61343
     0.28870226    95.84871    96.33269    96.56900    97.11702    97.86444    98.33542    98.70133    98.96546    99.84898   100.86486   101.77421   103.61023
     0.29061778    95.86513    96.34831    96.58522    97.10165    97.86854    98.35200    98.68931    98.96079    99.84469   100.86477   101.76965   103.60724
     0.29253330    95.87956    96.36463    96.60141    97.08610    97.87233    98.36827    98.67722    98.95643    99.84062   100.86467   101.76525   103.60445
     0.29444881    95.89216    96.38146    96.61739    97.07048    97.87577    98.38412    98.66524    98.95229    99.83680   100.86457   101.76102   103.60186
     0.29636433    95.90311    96.39859    96.63303    97.05494    97.87885    98.39948    98.65351    98.94831    99.83325   100.86446   101.75698   103.59947
     0.29827985    95.91258    96.41579    96.64814    97.03959    97.88154    98.41426    98.64216    98.94444    99.82999   100.86435   101.75317   103.59728
     0.30019537    95.92074    96.43282    96.66256    97.02459    97.88386    98.42839    98.63130    98.94068    99.82702   100.86424   101.74960   103.59529
     0.30211089    95.92774    96.44945    96.67613    97.01010    97.88581    98.44181    98.62098    98.93704    99.82436   100.86414   101.74630   103.59349
     0.30402640    95.93370    96.46544    96.68867    96.99628    97.88741    98.45446    98.61127    98.93355    99.82199   100.86404   101.74328   103.59188
     0.30594192    95.93874    96.48055    96.70003    96.98333    97.88869    98.46630    98.60219    98.93025    99.81993   100.86395   101.74057   103.59047
     0.30785744    95.94295    96.49450    96.71006    96.97147    97.88968    98.47727    98.59376    98.92721    99.81815   100.86387   101.73817   103.58924
     0.30977296    95.94640    96.50703    96.71865    96.96091    97.89041    98.48730    98.58600    98.92448    99.81667   100.86380   101.73612   103.58821
     0.31168848    95.94915    96.51785    96.72571    96.95188    97.89094    98.49630    98.57896    98.92213    99.81547   100.86374   101.73442   103.58736
     0.31360399    95.95125    96.52667    96.73118    96.94460    97.89130    98.50409    98.57275    98.92022    99.81454   100.86369   101.73309   103.58671
     0.31551951    95.95273    96.53321    96.73507    96.93925    97.89153    98.51038    98.56763    98.91882    99.81389   100.86366   101.73213   103.58624
     0.31743503    95.95361    96.53724    96.73738    96.93598    97.89165    98.51463    98.56410    98.91796    99.81349   100.86364   101.73155   103.58596
     0.31935055    95.95390    96.53861    96.73815    96.93488    97.89169    98.51616    98.56281    98.91767    99.81336   100.86363   101.73135   103.58586
     0.31935055    95.95390    96.53861    96.73815    96.93488    97.89169    98.51616    98.56281    98.91767    99.81336   100.86363   101.73135   103.58586
     0.32073280    95.95314    96.53741    96.73615    96.93748    97.89200    98.51555    98.56282    98.91783    99.81360   100.86376   101.73146   103.58585
     0.32211505    95.95085    96.53386    96.73045    96.94496    97.89293    98.51376    98.56281    98.91830    99.81432   100.86413   101.73178   103.58579
     0.32349731    95.94703    96.52810    96.72173    96.95652    97.89444    98.51089    98.56270    98.91907    99.81551   100.86475   101.73231   103.58571
     0.32487956    95.94167    96.52033    96.71076    96.97122    97.89648    98.50709    98.56240    98.92013    99.81717   100.86562   101.73305   103.58559
     0.32626181    95.93476    96.51083    96.69819    96.98822    97.89900    98.50253    98.56181    98.92147    99.81929   100.86672   101.73399   103.58543
     0.32764406    95.92631    96.49989    96.68448    97.00684    97.90191    98.49735    98.56086    98.92306    99.82185   100.86806   101.73514   103.58524
     0.32902632    95.91630    96.48778    96.66991    97.02656    97.90511    98.49169    98.55950    98.92487    99.82486   100.86963   101.73647   103.58502
     0.33040857    95.90476    96.47478    96.65471    97.04700    97.90852    98.48568    98.55772    98.92689    99.82829   100.87142   101.73799   103.58477
     0.33179082    95.89170    96.46112    96.63901    97.06785    97.91202    98.47943    98.55553    98.92908    99.83213   100.87343   101.73969   103.58448
     0.33317307    95.87717    96.44695    96.62296    97.08886    97.91551    98.47303    98.55294    98.93142    99.83636   100.87564   101.74156   103.58417
     0.33455533    95.86121    96.43240    96.60668    97.10983    97.91888    98.46657    98.55000    98.93388    99.84096   100.87804   101.74358   103.58382
     0.33593758    95.84391    96.41750    96.59032    97.13060    97.92203    98.46011    98.54678    98.93645    99.84591   100.88064   101.74576   103.58344
     0.33731983    95.82534    96.40227    96.57405    97.15101    97.92487    98.45371    98.54335    98.93909    99.85119   100.88340   101.74807   103.58304
     0.33870209    95.80563    96.38665    96.55804    97.17094    97.92733    98.44740    98.53978    98.94180    99.85677   100.88632   101.75051   103.58261
     0.34008434    95.78487    96.37055    96.54249    97.19028    97.92933    98.44119    98.53617    98.94456    99.86262   100.88940   101.75306   103.58215
     0.34146659    95.76322    96.35388    96.52757    97.20891    97.93084    98.43509    98.53262    98.94735    99.86873   100.89261   101.75571   103.58167
     0.34284884    95.74080    96.33654    96.51343    97.22674    97.93183    98.42908    98.52923    98.95018    99.87505   100.89594   101.75846   103.58117
     0.34423110    95.71775    96.31846    96.50022    97.24367    97.93229    98.42314    98.52607    98.95303    99.88158   100.89939   101.76127   103.58065
     0.34561335    95.69423    96.29960    96.48800    97.25962    97.93225    98.41725    98.52324    98.95589    99.88827   100.90293   101.76416   103.58010
     0.34699560    95.67039    96.27996    96.47681    97.27452    97.93173    98.41138    98.52079    98.95878    99.89509   100.90655   101.76709   103.57954
     0.34837786    95.64635    96.25960    96.46665    97.28828    97.93079    98.40552    98.51877    98.96168    99.90202   100.91023   101.77006   103.57897
     0.34976011    95.62228    96.23860    96.45745    97.30086    97.92948    98.39967    98.51719    98.96461    99.90904   100.91397   101.77305   103.57838
     0.35114236    95.59831    96.21709    96.44915    97.31219    97.92787    98.39385    98.51604    98.96755    99.91610   100.91774   101.77605   103.57778
     0.35252461    95.57456    96.19519    96.44166    97.32225    97.92603    98.38808    98.51530    98.97052    99.92318   100.92154   101.77905   103.57717
     0.35390687    95.55117    96.17305    96.43489    97.33100    97.92402    98.38242    98.51491    98.97352    99.93026   100.92534   101.78204   103.57655
     0.35528912    95.52824    96.15080    96.42873    97.33844    97.92190    98.37692    98.51482    98.97655    99.93730   100.92914   101.78501   103.57594
     0.35667137    95.50587    96.12860    96.42312    97.34457    97.91973    98.37164    98.51496    98.97960    99.94427   100.93291   101.78794   103.57531
     0.35805362    95.48416    96.10659    96.41796    97.34942    97.91754    98.36666    98.51524    98.98267    99.95116   100.93665   101.79082   103.57469
     0.35943588    95.46318    96.08491    96.41320    97.35304    97.91536    98.36203    98.51562    98.98577    99.95793   100.94034   101.79364   103.57408
     0.36081813    95.44298    96.06369    96.40875    97.35549    97.91321    98.35782    98.51600    98.98888    99.96457   100.94396   101.79640   103.57346
     0.36220038    95.42359    96.04307    96.40459    97.35684    97.91109    98.35409    98.51635    98.99200    99.97103   100.94750   101.79907   103.57286
     0.36358264    95.40503    96.02316    96.40065    97.35719    97.90901    98.35087    98.51661    98.99511    99.97731   100.95096   101.80166   103.57227
     0.36496489    95.38729    96.00410    96.39691    97.35665    97.90695    98.34819    98.51674    98.99820    99.98338   100.95431   101.80416   103.57169
     0.36634714    95.37036    95.98598    96.39333    97.35532    97.90490    98.34609    98.51671    99.00127    99.98922   100.95754   101.80655   103.57113
     0.36772939    95.35420    95.96891    96.38990    97.35333    97.90286    98.34455    98.51649    99.00428    99.99481   100.96064   101.80884   103.57059
     0.36911165    95.33875    95.95296    96.38661    97.35080    97.90083    98.34356    98.51607    99.00723   100.00012   100.96360   101.81100   103.57007
     0.37049390    95.32398    95.93822    96.38344    97.34785    97.89879    98.34311    98.51546    99.01009   100.00515   100.96641   101.81304   103.56957
     0.37187615    95.30983    95.92471    96.38039    97.34460    97.89677    98.34314    98.51466    99.01285   100.00987   100.96906   101.81495   103.56910
     0.37325840    95.29628    95.91249    96.37748    97.34116    97.89477    98.34362    98.51369    99.01548   100.01428   100.97153   101.81673   103.56866
     0.37464066    95.28332    95.90154    96.37472    97.33765    97.89280    98.34446    98.51257    99.01796   100.01835   100.97382   101.81837   103.56825
     0.37602291    95.27098    95.89188    96.37211    97.33416    97.89091    98.34560    98.51134    99.02028   100.02207   100.97592   101.81987   103.56787
     0.37740516    95.25929    95.88346    96.36969    97.33078    97.88910    98.34697    98.51003    99.02241   100.02543   100.97782   101.82121   103.56752
     0.37878742    95.24837    95.87624    96.36746    97.32761    97.88741    98.34846    98.50870    99.02434   100.02842   100.97951   101.82241   103.56722
     0.38016967    95.23833    95.87017    96.36547    97.32470    97.88587    98.34999    98.50739    99.02604   100.03103   100.98100   101.82345   103.56694
     0.38155192    95.22934    95.86519    96.36373    97.32214    97.88452    98.35148    98.50615    99.02752   100.03325   100.98226   101.82434   103.56671
     0.38293417    95.22159    95.86122    96.36226    97.31997    97.88336    98.35283    98.50505    99.02874   100.03508   100.98330   101.82507   103.56652
     0.38431643    95.21529    95.85820    96.36110    97.31823    97.88244    98.35398    98.50413    99.02970   100.03651   100.98411   101.82564   103.56637
     0.38569868    95.21061    95.85609    96.36025    97.31696    97.88177    98.35485    98.50343    99.03039   100.03753   100.98470   101.82604   103.56627
     0.38708093    95.20774    95.85484    96.35973    97.31620    97.88136    98.35539    98.50300    99.03081   100.03815   100.98505   101.82629   103.56620
     0.38846318    95.20676    95.85443    96.35956    97.31594    97.88122    98.35558    98.50285    99.03095   100.03835   100.98517   101.82637   103.56618
     0.38846318    95.20676    95.85443    96.35956    97.31594    97.88122    98.35558    98.50285    99.03095   100.03835   100.98517   101.82637   103.56618
     0.39050581    95.20722    95.85397    96.36090    97.31625    97.88079    98.35538    98.50337    99.03090   100.03874   100.98470   101.82645   103.56676
     0.39254843    95.20857    95.85268    96.36482    97.31718    97.87948    98.35481    98.50491    99.03076   100.03990   100.98330   101.82670   103.56850
     0.39459105    95.21080    95.85082    96.37109    97.31879    97.87731    98.35392    98.50739    99.03052   100.04182   100.98098   101.82711   103.57139
     0.39663367    95.21389    95.84881    96.37934    97.32113    97.87426    98.35279    98.51069    99.03020   100.04447   100.97776   101.82767   103.57544
     0.39867630    95.21783    95.84713    96.38911    97.32428    97.87033    98.35153    98.51465    99.02979   100.04782   100.97365   101.82838   103.58064
     0.40071892    95.22267    95.84627    96.39996    97.32835    97.86553    98.35026    98.51911    99.02929   100.05182   100.96870   101.82923   103.58697
     0.40276154    95.22852    95.84672    96.41140    97.33341    97.85985    98.34908    98.52390    99.02872   100.05643   100.96294   101.83019   103.59444
     0.40480416    95.23558    95.84888    96.42303    97.33954    97.85328    98.34809    98.52885    99.02808   100.06158   100.95640   101.83127   103.60303
     0.40684679    95.24410    95.85306    96.43448    97.34680    97.84584    98.34740    98.53382    99.02736   100.06721   100.94914   101.83244   103.61271
     0.40888941    95.25440    95.85948    96.44548    97.35520    97.83752    98.34708    98.53865    99.02657   100.07324   100.94120   101.83369   103.62349
     0.41093203    95.26681    95.86824    96.45582    97.36472    97.82835    98.34722    98.54322    99.02572   100.07960   100.93264   101.83501   103.63533
     0.41297466    95.28161    95.87936    96.46535    97.37528    97.81836    98.34787    98.54744    99.02479   100.08620   100.92350   101.83637   103.64821
     0.41501728    95.29898    95.89277    96.47403    97.38677    97.80758    98.34908    98.55121    99.02378   100.09295   100.91385   101.83777   103.66211
     0.41705990    95.31897    95.90835    96.48185    97.39901    97.79610    98.35089    98.55448    99.02268   100.09978   100.90374   101.83918   103.67698
     0.41910252    95.34151    95.92597    96.48888    97.41175    97.78399    98.35330    98.55720    99.02149   100.10659   100.89324   101.84061   103.69279
     0.42114515    95.36638    95.94545    96.49522    97.42470    97.77140    98.35634    98.55935    99.02019   100.11330   100.88239   101.84202   103.70951
     0.42318777    95.39331    95.96663    96.50100    97.43751    97.75851    98.35997    98.56094    99.01878   100.11983   100.87125   101.84342   103.72707
     0.42523039    95.42192    95.98933    96.50640    97.44977    97.74554    98.36417    98.56199    99.01723   100.12611   100.85988   101.84478   103.74543
     0.42727301    95.45186    96.01341    96.51159    97.46098    97.73281    98.36891    98.56254    99.01553   100.13207   100.84834   101.84611   103.76453
     0.42931564    95.48274    96.03873    96.51675    97.47058    97.72072    98.37410    98.56263    99.01369   100.13764   100.83667   101.84740   103.78430
     0.43135826    95.51419    96.06515    96.52210    97.47793    97.70974    98.37967    98.56235    99.01168   100.14278   100.82492   101.84864   103.80468
     0.43340088    95.54585    96.09254    96.52784    97.48239    97.70037    98.38552    98.56176    99.00952   100.14744   100.81315   101.84982   103.82559
     0.43544350    95.57740    96.12077    96.53417    97.48339    97.69306    98.39155    98.56097    99.00721   100.15159   100.80139   101.85094   103.84695
     0.43748613    95.60854    96.14965    96.54134    97.48059    97.68806    98.39762    98.56006    99.00476   100.15520   100.78970   101.85201   103.86867
     0.43952875    95.63901    96.17899    96.54958    97.47398    97.68528    98.40361    98.55912    99.00221   100.15827   100.77810   101.85301   103.89067
     0.44157137    95.66859    96.20851    96.55919    97.46390    97.68434    98.40939    98.55823    98.99958   100.16078   100.76665   101.85395   103.91286
     0.44361399    95.69712    96.23788    96.57049    97.45092    97.68464    98.41484    98.55744    98.99692   100.16275   100.75537   101.85483   103.93515
     0.44565662    95.72446    96.26666    96.58384    97.43565    97.68555    98.41984    98.55680    98.99428   100.16419   100.74430   101.85565   103.95743
     0.44769924    95.75053    96.29436    96.59963    97.41871    97.68649    98.42433    98.55629    98.99173   100.16512   100.73348   101.85641   103.97960
     0.44974186    95.77528    96.32047    96.61825    97.40059    97.68699    98.42826    98.55587    98.98935   100.16557   100.72293   101.85711   104.00157
     0.45178448    95.79872    96.34448    96.64002    97.38172    97.68668    98.43162    98.55545    98.98720   100.16557   100.71268   101.85776   104.02324
     0.45382711    95.82084    96.36603    96.66509    97.36248    97.68531    98.43443    98.55491    98.98536   100.16517   100.70277   101.85836   104.04450
     0.45586973    95.84169    96.38492    96.69344    97.34315    97.68267    98.43674    98.55413    98.98390   100.16442   100.69322   101.85890   104.06527
     0.45791235    95.86132    96.40114    96.72481    97.32401    97.67864    98.43860    98.55297    98.98288   100.16335   100.68406   101.85941   104.08543
     0.45995497    95.87977    96.41484    96.75879    97.30529    97.67313    98.44009    98.55132    98.98233   100.16202   100.67531   101.85987   104.10490
     0.46199760    95.89708    96.42627    96.79486    97.28720    97.66609    98.44127    98.54910    98.98229   100.16047   100.66701   101.86029   104.12359
     0.46404022    95.91331    96.43570    96.83247    97.26997    97.65752    98.44217    98.54627    98.98273   100.15877   100.65916   101.86067   104.14140
     0.46608284    95.92847    96.44339    96.87103    97.25379    97.64741    98.44283    98.54287    98.98365   100.15695   100.65181   101.86101   104.15826
     0.46812546    95.94259    96.44959    96.90998    97.23889    97.63580    98.44326    98.53895    98.98498   100.15507   100.64496   101.86132   104.17407
     0.47016809    95.95566    96.45451    96.94873    97.22555    97.62274    98.44347    98.53464    98.98664   100.15318   100.63863   101.86160   104.18878
     0.47221071    95.96768    96.45833    96.98660    97.21412    97.60830    98.44345    98.53011    98.98856   100.15132   100.63286   101.86184   104.20230
     0.47425333    95.97862    96.46123    97.02268    97.20516    97.59258    98.44320    98.52553    98.99064   100.14953   100.62764   101.86206   104.21458
     0.47629595    95.98844    96.46336    97.05565    97.19968    97.57574    98.44271    98.52109    98.99276   100.14786   100.62301   101.86225   104.22555
     0.47833858    95.99711    96.46486    97.08336    97.19938    97.55799    98.44202    98.51699    98.99484   100.14633   100.61896   101.86242   104.23516
     0.48038120    96.00456    96.46586    97.10317    97.20642    97.53967    98.44117    98.51336    98.99678   100.14498   100.61552   101.86255   104.24338
     0.48242382    96.01076    96.46648    97.11418    97.22098    97.52133    98.44024    98.51032    98.99849   100.14384   100.61269   101.86266   104.25015
     0.48446644    96.01564    96.46685    97.11884    97.23958    97.50385    98.43934    98.50794    98.99989   100.14293   100.61048   101.86275   104.25545
     0.48650907    96.01916    96.46703    97.12035    97.25746    97.48869    98.43859    98.50624    99.00094   100.14227   100.60889   101.86281   104.25926
     0.48855169    96.02129    96.46712    97.12067    97.27044    97.47796    98.43809    98.50522    99.00159   100.14186   100.60794   101.86285   104.26155
     0.49059431    96.02200    96.46714    97.12069    97.27523    97.47401    98.43791    98.50488    99.00181   100.14173   100.60762   101.86286   104.26231
