             0.00000             0.00000
             0.10000             0.00786
             0.20000             0.00665
             0.30000             0.00846
             0.40000             0.00725
             0.50000             0.00846
             0.60000             0.00725
             0.70000             0.00907
             0.80000             0.00846
             0.90000             0.00907
             1.00000             0.01028
             1.10000             0.01028
             1.20000             0.03204
             1.30000             0.03748
             1.40000             0.03990
             1.50000             0.05622
             1.60000             0.08342
             1.70000             0.10700
             1.80000             0.10035
             1.90000             0.13299
             2.00000             0.15778
             2.10000             0.13964
             2.20000             0.08282
             2.30000             0.15173
             2.40000             0.10458
             2.50000             0.15294
             2.60000             0.08766
             2.70000             0.08524
             2.80000             0.05743
             2.90000             0.06287
             3.00000             0.09128
             3.10000             0.08463
             3.20000             0.06227
             3.30000             0.06166
             3.40000             0.06045
             3.50000             0.08040
             3.60000             0.06589
             3.70000             0.04957
             3.80000             0.06408
             3.90000             0.05078
             4.00000             0.03748
             4.10000             0.03627
             4.20000             0.02902
             4.30000             0.02781
             4.40000             0.02902
             4.50000             0.03869
             4.60000             0.06529
             4.70000             0.06287
             4.80000             0.04413
             4.90000             0.05320
             5.00000             0.05199
             5.10000             0.05259
             5.20000             0.04534
             5.30000             0.04594
             5.40000             0.05259
             5.50000             0.06408
             5.60000             0.06045
             5.70000             0.02237
             5.80000             0.04111
             5.90000             0.04111
             6.00000             0.10700
             6.10000             0.03748
             6.20000             0.02720
             6.30000             0.04594
             6.40000             0.05078
             6.50000             0.03808
             6.60000             0.03627
             6.70000             0.03385
             6.80000             0.03808
             6.90000             0.04353
             7.00000             0.04715
             7.10000             0.05743
             7.20000             0.16503
             7.30000             0.13118
             7.40000             0.12695
             7.50000             0.10519
             7.60000             0.07738
             7.70000             0.06347
             7.80000             0.04957
             7.90000             0.05380
             8.00000             0.06650
             8.10000             0.08524
             8.20000             0.03567
             8.30000             0.03264
             8.40000             0.01753
             8.50000             0.03325
             8.60000             0.05078
             8.70000             0.04473
             8.80000             0.03627
             8.90000             0.03688
             9.00000             0.04534
             9.10000             0.04171
             9.20000             0.11305
             9.30000             0.06650
             9.40000             0.15536
             9.50000             0.08101
             9.60000             0.07254
             9.70000             0.09793
             9.80000             0.09551
             9.90000             0.08645
            10.00000             0.12755
            10.10000             0.24241
            10.20000             0.22065
            10.30000             0.05622
            10.40000             0.01330
            10.50000             0.02479
            10.60000             0.00000
            10.70000             0.00000
            10.80000             0.00000
            10.90000             0.00000
            11.00000             0.00000
            11.10000             0.00000
            11.20000             0.00000
            11.30000             0.00000
            11.40000             0.00000
            11.50000             0.00000
            11.60000             0.00000
            11.70000             0.00000
            11.80000             0.00000
            11.90000             0.00000
            12.00000             0.00000
            12.10000             0.00000
            12.20000             0.00000
            12.30000             0.00000
            12.40000             0.00000
            12.50000             0.00000
            12.60000             0.00000
            12.70000             0.00000
            12.80000             0.00000
            12.90000             0.00000
            13.00000             0.00000
            13.10000             0.00000
            13.20000             0.00000
            13.30000             0.00000
            13.40000             0.00000
            13.50000             0.00000
            13.60000             0.00000
            13.70000             0.00000
            13.80000             0.00000
            13.90000             0.00000
            14.00000             0.00000
            14.10000             0.00000
            14.20000             0.00000
            14.30000             0.00000
            14.40000             0.00000
            14.50000             0.00000
            14.60000             0.00000
            14.70000             0.00000
            14.80000             0.00000
            14.90000             0.00000
            15.00000             0.00000
            15.10000             0.00000
            15.20000             0.00000
            15.30000             0.00000
            15.40000             0.00000
            15.50000             0.00000
            15.60000             0.00000
            15.70000             0.00000
            15.80000             0.00000
            15.90000             0.00000
            16.00000             0.00000
            16.10000             0.00000
            16.20000             0.00000
            16.30000             0.00000
            16.40000             0.00000
            16.50000             0.00000
            16.60000             0.00000
            16.70000             0.00000
            16.80000             0.00000
            16.90000             0.00000
            17.00000             0.00000
            17.10000             0.00000
            17.20000             0.00000
            17.30000             0.00000
            17.40000             0.00000
            17.50000             0.00000
            17.60000             0.00000
            17.70000             0.02841
            17.80000             0.05985
            17.90000             0.01934
            18.00000             0.04715
            18.10000             0.05018
            18.20000             0.05320
            18.30000             0.04594
            18.40000             0.03990
            18.50000             0.05138
            18.60000             0.03808
            18.70000             0.06166
            18.80000             0.07436
            18.90000             0.06347
            19.00000             0.09370
            19.10000             0.07315
            19.20000             0.05199
            19.30000             0.01874
            19.40000             0.02297
            19.50000             0.03023
            19.60000             0.04111
            19.70000             0.06589
            19.80000             0.05501
            19.90000             0.04957
            20.00000             0.01209
            20.10000             0.03506
            20.20000             0.03325
            20.30000             0.04655
            20.40000             0.02841
            20.50000             0.02479
            20.60000             0.05683
            20.70000             0.04111
            20.80000             0.04957
            20.90000             0.08524
            21.00000             0.06892
            21.10000             0.06227
            21.20000             0.06287
            21.30000             0.07012
            21.40000             0.05501
            21.50000             0.04232
            21.60000             0.05441
            21.70000             0.09007
            21.80000             0.09793
            21.90000             0.12211
            22.00000             0.05320
            22.10000             0.07798
            22.20000             0.06166
            22.30000             0.04292
            22.40000             0.05138
            22.50000             0.05985
            22.60000             0.07436
            22.70000             0.05018
            22.80000             0.05320
            22.90000             0.16443
            23.00000             0.03808
            23.10000             0.02237
            23.20000             0.02176
            23.30000             0.02176
            23.40000             0.02055
            23.50000             0.01874
            23.60000             0.02116
            23.70000             0.01874
            23.80000             0.01874
            23.90000             0.02055
            24.00000             0.02418
            24.10000             0.01451
            24.20000             0.01874
            24.30000             0.02539
            24.40000             0.01149
            24.50000             0.01874
            24.60000             0.01693
            24.70000             0.01269
            24.80000             0.01451
            24.90000             0.00423
