1.000000000000000000e+01,-4.684855522977630358e+02
2.000000000000000000e+01,-4.684856462683055156e+02
3.000000000000000000e+01,-4.684858227125407097e+02
4.000000000000000000e+01,-4.684861189063768165e+02
5.000000000000000000e+01,-4.684865626549706690e+02
6.000000000000000000e+01,-4.684871706294272258e+02
7.000000000000000000e+01,-4.684879504333597993e+02
8.000000000000000000e+01,-4.684889032694568414e+02
9.000000000000000000e+01,-4.684900262869401217e+02
1.000000000000000000e+02,-4.684913143004059179e+02
1.100000000000000000e+02,-4.684927609280223919e+02
1.200000000000000000e+02,-4.684943593027842326e+02
1.300000000000000000e+02,-4.684961025004645876e+02
1.400000000000000000e+02,-4.684979837890977592e+02
1.500000000000000000e+02,-4.684999967689714140e+02
1.600000000000000000e+02,-4.685021354461782153e+02
1.700000000000000000e+02,-4.685043942658235778e+02
1.800000000000000000e+02,-4.685067681205291592e+02
1.900000000000000000e+02,-4.685092523436219381e+02
2.000000000000000000e+02,-4.685118426927647306e+02
2.100000000000000000e+02,-4.685145353276718652e+02
2.200000000000000000e+02,-4.685173267843227336e+02
2.300000000000000000e+02,-4.685202139473377088e+02
2.400000000000000000e+02,-4.685231940217034321e+02
2.500000000000000000e+02,-4.685262645047034198e+02
2.600000000000000000e+02,-4.685294231586703404e+02
2.700000000000000000e+02,-4.685326679849893026e+02
2.800000000000000000e+02,-4.685359971996349486e+02
2.900000000000000000e+02,-4.685394092104123160e+02
