1.000000000000000000e+01,-4.629199018438571898e+02
2.000000000000000000e+01,-4.629202054905224486e+02
3.000000000000000000e+01,-4.629207269804687712e+02
4.000000000000000000e+01,-4.629214437041705992e+02
5.000000000000000000e+01,-4.629223262496095685e+02
6.000000000000000000e+01,-4.629233500845101048e+02
7.000000000000000000e+01,-4.629244962989948817e+02
8.000000000000000000e+01,-4.629257507536869412e+02
9.000000000000000000e+01,-4.629271032669009855e+02
1.000000000000000000e+02,-4.629285469328831368e+02
1.100000000000000000e+02,-4.629300774946869410e+02
1.200000000000000000e+02,-4.629316927494604101e+02
1.300000000000000000e+02,-4.629333920038697556e+02
1.400000000000000000e+02,-4.629351756029407170e+02
1.500000000000000000e+02,-4.629370445451140768e+02
1.600000000000000000e+02,-4.629390001839058186e+02
1.700000000000000000e+02,-4.629410440078849547e+02
1.800000000000000000e+02,-4.629431774864223712e+02
1.900000000000000000e+02,-4.629454019677022529e+02
2.000000000000000000e+02,-4.629477186164697287e+02
2.100000000000000000e+02,-4.629501283808563699e+02
2.200000000000000000e+02,-4.629526319797132032e+02
2.300000000000000000e+02,-4.629552299038469414e+02
2.400000000000000000e+02,-4.629579224262265598e+02
2.500000000000000000e+02,-4.629607096175843708e+02
2.600000000000000000e+02,-4.629635913648834844e+02
2.700000000000000000e+02,-4.629665673909146335e+02
2.800000000000000000e+02,-4.629696372738696368e+02
2.900000000000000000e+02,-4.629728004661556042e+02
