1.000000000000000000e+01,-4.645008773978418049e+02
2.000000000000000000e+01,-4.645008995005259180e+02
3.000000000000000000e+01,-4.645009320848735115e+02
4.000000000000000000e+01,-4.645009723283322387e+02
5.000000000000000000e+01,-4.645010190459177011e+02
6.000000000000000000e+01,-4.645010719305914222e+02
7.000000000000000000e+01,-4.645011311812029930e+02
8.000000000000000000e+01,-4.645011973358475075e+02
9.000000000000000000e+01,-4.645012711888468289e+02
1.000000000000000000e+02,-4.645013537317327632e+02
1.100000000000000000e+02,-4.645014461034089095e+02
1.200000000000000000e+02,-4.645015495475852845e+02
1.300000000000000000e+02,-4.645016653764751595e+02
1.400000000000000000e+02,-4.645017949393379126e+02
1.500000000000000000e+02,-4.645019395947881549e+02
1.600000000000000000e+02,-4.645021006864262176e+02
1.700000000000000000e+02,-4.645022795217893758e+02
1.800000000000000000e+02,-4.645024773547898462e+02
1.900000000000000000e+02,-4.645026953717376728e+02
2.000000000000000000e+02,-4.645029346808953505e+02
2.100000000000000000e+02,-4.645031963053436925e+02
2.200000000000000000e+02,-4.645034811788095226e+02
2.300000000000000000e+02,-4.645037901440309724e+02
2.400000000000000000e+02,-4.645041239532086479e+02
2.500000000000000000e+02,-4.645044832701041742e+02
2.600000000000000000e+02,-4.645048686733800309e+02
2.700000000000000000e+02,-4.645052806608279639e+02
2.800000000000000000e+02,-4.645057196541864073e+02
2.900000000000000000e+02,-4.645061860043035722e+02
