1.000000000000000000e+01,-4.665490332374106970e+02
2.000000000000000000e+01,-4.665491478129915777e+02
3.000000000000000000e+01,-4.665493079452565439e+02
4.000000000000000000e+01,-4.665495376293536083e+02
5.000000000000000000e+01,-4.665498697489010738e+02
6.000000000000000000e+01,-4.665503291420027949e+02
7.000000000000000000e+01,-4.665509299987211307e+02
8.000000000000000000e+01,-4.665516784191117381e+02
9.000000000000000000e+01,-4.665525753699560596e+02
1.000000000000000000e+02,-4.665536188473870993e+02
1.100000000000000000e+02,-4.665548052471596634e+02
1.200000000000000000e+02,-4.665561301806710048e+02
1.300000000000000000e+02,-4.665575889476790508e+02
1.400000000000000000e+02,-4.665591768077306938e+02
1.500000000000000000e+02,-4.665608891362792292e+02
1.600000000000000000e+02,-4.665627215147488300e+02
1.700000000000000000e+02,-4.665646697818934285e+02
1.800000000000000000e+02,-4.665667300614309170e+02
1.900000000000000000e+02,-4.665688987742490212e+02
2.000000000000000000e+02,-4.665711726399760551e+02
2.100000000000000000e+02,-4.665735486709210704e+02
2.200000000000000000e+02,-4.665760241604696716e+02
2.300000000000000000e+02,-4.665785966675262557e+02
2.400000000000000000e+02,-4.665812639982805194e+02
2.500000000000000000e+02,-4.665840241863581355e+02
2.600000000000000000e+02,-4.665868754722191056e+02
2.700000000000000000e+02,-4.665898162824980204e+02
2.800000000000000000e+02,-4.665928452098257821e+02
2.900000000000000000e+02,-4.665959609935325716e+02
