1.000000000000000000e+01,-4.641594563110917875e+02
2.000000000000000000e+01,-4.641596075356567894e+02
3.000000000000000000e+01,-4.641598467881609054e+02
4.000000000000000000e+01,-4.641601984688531957e+02
5.000000000000000000e+01,-4.641606674392772334e+02
6.000000000000000000e+01,-4.641612479685183530e+02
7.000000000000000000e+01,-4.641619312076579718e+02
8.000000000000000000e+01,-4.641627081354881170e+02
9.000000000000000000e+01,-4.641635705044605515e+02
1.000000000000000000e+02,-4.641645110556253258e+02
1.100000000000000000e+02,-4.641655234897284004e+02
1.200000000000000000e+02,-4.641666023729895301e+02
1.300000000000000000e+02,-4.641677430396762247e+02
1.400000000000000000e+02,-4.641689415090213515e+02
1.500000000000000000e+02,-4.641701944173436800e+02
1.600000000000000000e+02,-4.641714989610475754e+02
1.700000000000000000e+02,-4.641728528457720131e+02
1.800000000000000000e+02,-4.641742542382499437e+02
1.900000000000000000e+02,-4.641757017190336683e+02
2.000000000000000000e+02,-4.641771942355230749e+02
2.100000000000000000e+02,-4.641787310555698127e+02
2.200000000000000000e+02,-4.641803117223444701e+02
2.300000000000000000e+02,-4.641819360112642130e+02
2.400000000000000000e+02,-4.641836038897033063e+02
2.500000000000000000e+02,-4.641853154800298853e+02
2.600000000000000000e+02,-4.641870710263146407e+02
2.700000000000000000e+02,-4.641888708648553461e+02
2.800000000000000000e+02,-4.641907153985041532e+02
2.900000000000000000e+02,-4.641926050746495207e+02
