1.000000000000000000e+01,-4.676191957366872884e+02
2.000000000000000000e+01,-4.676193254641974022e+02
3.000000000000000000e+01,-4.676195079162285424e+02
4.000000000000000000e+01,-4.676197516194305877e+02
5.000000000000000000e+01,-4.676200676757298993e+02
6.000000000000000000e+01,-4.676204626138248273e+02
7.000000000000000000e+01,-4.676209383843473120e+02
8.000000000000000000e+01,-4.676214940281993222e+02
9.000000000000000000e+01,-4.676221270628259390e+02
1.000000000000000000e+02,-4.676228343533886687e+02
1.100000000000000000e+02,-4.676236126108698841e+02
1.200000000000000000e+02,-4.676244586613542538e+02
1.300000000000000000e+02,-4.676253695819952441e+02
1.400000000000000000e+02,-4.676263427613895942e+02
1.500000000000000000e+02,-4.676273759183106904e+02
1.600000000000000000e+02,-4.676284670983500860e+02
1.700000000000000000e+02,-4.676296146593732033e+02
1.800000000000000000e+02,-4.676308172516176569e+02
1.900000000000000000e+02,-4.676320737954037554e+02
2.000000000000000000e+02,-4.676333834579079962e+02
2.100000000000000000e+02,-4.676347456297082203e+02
2.200000000000000000e+02,-4.676361599014894637e+02
2.300000000000000000e+02,-4.676376260411768726e+02
2.400000000000000000e+02,-4.676391439717274352e+02
2.500000000000000000e+02,-4.676407137497969870e+02
2.600000000000000000e+02,-4.676423355454815578e+02
2.700000000000000000e+02,-4.676440096233034183e+02
2.800000000000000000e+02,-4.676457363245762622e+02
2.900000000000000000e+02,-4.676475160512414391e+02
