     0.00000000    94.60428    96.86780    96.98594    97.54664    98.06004    98.27136    98.43457    98.80174    98.88252    99.01363   101.08072   101.52087
     0.00138225    94.60423    96.86761    96.98614    97.54641    98.05988    98.27127    98.43474    98.80163    98.88250    99.01354   101.08070   101.52084
     0.00276451    94.60408    96.86703    96.98675    97.54575    98.05940    98.27102    98.43526    98.80128    98.88242    99.01330   101.08063   101.52077
     0.00414676    94.60384    96.86600    96.98781    97.54466    98.05861    98.27058    98.43612    98.80070    98.88230    99.01289   101.08051   101.52065
     0.00552901    94.60351    96.86445    96.98937    97.54314    98.05751    98.26995    98.43734    98.79990    98.88212    99.01233   101.08034   101.52049
     0.00691126    94.60309    96.86226    96.99150    97.54121    98.05609    98.26911    98.43892    98.79887    98.88190    99.01161   101.08013   101.52027
     0.00829352    94.60258    96.85931    96.99426    97.53891    98.05438    98.26804    98.44088    98.79763    98.88162    99.01073   101.07988   101.52002
     0.00967577    94.60199    96.85547    96.99774    97.53624    98.05236    98.26672    98.44323    98.79617    98.88129    99.00972   101.07957   101.51971
     0.01105802    94.60132    96.85062    97.00198    97.53325    98.05005    98.26512    98.44597    98.79451    98.88091    99.00856   101.07923   101.51937
     0.01244027    94.60058    96.84464    97.00701    97.52997    98.04746    98.26324    98.44911    98.79265    98.88048    99.00727   101.07884   101.51898
     0.01382253    94.59978    96.83741    97.01287    97.52642    98.04459    98.26104    98.45266    98.79060    98.87998    99.00586   101.07841   101.51854
     0.01520478    94.59892    96.82884    97.01955    97.52266    98.04145    98.25851    98.45661    98.78838    98.87944    99.00433   101.07794   101.51807
     0.01658703    94.59800    96.81885    97.02703    97.51871    98.03805    98.25565    98.46097    98.78598    98.87883    99.00270   101.07743   101.51756
     0.01796929    94.59704    96.80735    97.03527    97.51464    98.03441    98.25244    98.46572    98.78343    98.87817    99.00097   101.07688   101.51701
     0.01935154    94.59604    96.79428    97.04424    97.51047    98.03054    98.24889    98.47085    98.78073    98.87745    98.99916   101.07629   101.51643
     0.02073379    94.59500    96.77956    97.05388    97.50626    98.02645    98.24499    98.47636    98.77790    98.87667    98.99729   101.07567   101.51581
     0.02211604    94.59394    96.76312    97.06415    97.50205    98.02214    98.24075    98.48221    98.77494    98.87582    98.99535   101.07502   101.51517
     0.02349830    94.59287    96.74491    97.07499    97.49788    98.01765    98.23618    98.48839    98.77187    98.87492    98.99338   101.07434   101.51449
     0.02488055    94.59177    96.72485    97.08634    97.49378    98.01298    98.23129    98.49489    98.76870    98.87394    98.99138   101.07363   101.51379
     0.02626280    94.59067    96.70289    97.09815    97.48981    98.00816    98.22609    98.50167    98.76545    98.87289    98.98936   101.07289   101.51307
     0.02764505    94.58958    96.67898    97.11036    97.48599    98.00319    98.22059    98.50871    98.76212    98.87177    98.98734   101.07214   101.51232
     0.02902731    94.58848    96.65305    97.12292    97.48234    97.99810    98.21482    98.51599    98.75874    98.87057    98.98534   101.07136   101.51156
     0.03040956    94.58740    96.62508    97.13577    97.47890    97.99291    98.20878    98.52349    98.75530    98.86929    98.98337   101.07057   101.51078
     0.03179181    94.58633    96.59502    97.14886    97.47569    97.98764    98.20250    98.53118    98.75184    98.86791    98.98145   101.06976   101.50999
     0.03317407    94.58528    96.56284    97.16213    97.47272    97.98230    98.19600    98.53905    98.74836    98.86643    98.97958   101.06895   101.50920
     0.03455632    94.58426    96.52853    97.17554    97.46999    97.97694    98.18930    98.54705    98.74487    98.86484    98.97779   101.06812   101.50839
     0.03593857    94.58326    96.49207    97.18903    97.46753    97.97156    98.18242    98.55518    98.74139    98.86313    98.97609   101.06730   101.50759
     0.03732082    94.58231    96.45347    97.20255    97.46533    97.96619    98.17538    98.56341    98.73793    98.86129    98.97448   101.06647   101.50679
     0.03870308    94.58139    96.41273    97.21605    97.46338    97.96086    98.16821    98.57173    98.73451    98.85932    98.97299   101.06565   101.50599
     0.04008533    94.58052    96.36987    97.22947    97.46169    97.95559    98.16094    98.58010    98.73114    98.85719    98.97161   101.06484   101.50520
     0.04146758    94.57969    96.32492    97.24277    97.46024    97.95040    98.15358    98.58851    98.72784    98.85490    98.97036   101.06403   101.50442
     0.04284983    94.57893    96.27793    97.25588    97.45902    97.94533    98.14618    98.59693    98.72461    98.85244    98.96923   101.06324   101.50366
     0.04423209    94.57823    96.22894    97.26877    97.45803    97.94040    98.13875    98.60535    98.72148    98.84981    98.96824   101.06247   101.50291
     0.04561434    94.57760    96.17800    97.28138    97.45724    97.93563    98.13134    98.61374    98.71845    98.84699    98.96738   101.06172   101.50219
     0.04699659    94.57707    96.12520    97.29366    97.45663    97.93104    98.12397    98.62208    98.71556    98.84399    98.96665   101.06099   101.50149
     0.04837885    94.57664    96.07060    97.30555    97.45620    97.92666    98.11668    98.63034    98.71281    98.84081    98.96604   101.06029   101.50082
     0.04976110    94.57635    96.01430    97.31700    97.45591    97.92252    98.10951    98.63849    98.71022    98.83743    98.96554   101.05961   101.50017
     0.05114335    94.57625    95.95639    97.32796    97.45576    97.91863    98.10251    98.64649    98.70783    98.83388    98.96515   101.05898   101.49956
     0.05252560    94.57643    95.89700    97.33838    97.45571    97.91501    98.09572    98.65428    98.70568    98.83016    98.96486   101.05837   101.49898
     0.05390786    94.57708    95.83623    97.34821    97.45576    97.91167    98.08918    98.66178    98.70383    98.82627    98.96466   101.05781   101.49845
     0.05529011    94.57859    95.77423    97.35739    97.45587    97.90863    98.08295    98.66887    98.70239    98.82224    98.96452   101.05729   101.49795
     0.05667236    94.58208    95.71115    97.36588    97.45604    97.90589    98.07707    98.67529    98.70157    98.81810    98.96445   101.05681   101.49749
     0.05805461    94.59133    95.64719    97.37363    97.45624    97.90346    98.07161    98.68062    98.70179    98.81387    98.96443   101.05637   101.49707
     0.05943687    94.61779    95.58257    97.38059    97.45646    97.90134    98.06661    98.68427    98.70356    98.80961    98.96444   101.05598   101.49670
     0.06081912    94.66703    95.51760    97.38673    97.45667    97.89953    98.06214    98.68609    98.70697    98.80538    98.96447   101.05565   101.49638
     0.06220137    94.72615    95.45269    97.39199    97.45687    97.89803    98.05825    98.68669    98.71133    98.80128    98.96452   101.05536   101.49610
     0.06358363    94.78766    95.38854    97.39636    97.45705    97.89681    98.05498    98.68670    98.71586    98.79743    98.96457   101.05512   101.49587
     0.06496588    94.84837    95.32642    97.39979    97.45720    97.89588    98.05239    98.68651    98.72000    98.79403    98.96462   101.05493   101.49570
     0.06634813    94.90489    95.26912    97.40225    97.45731    97.89522    98.05051    98.68629    98.72334    98.79130    98.96466   101.05480   101.49557
     0.06773038    94.95014    95.22346    97.40374    97.45737    97.89483    98.04937    98.68613    98.72552    98.78950    98.96469   101.05472   101.49549
     0.06911264    94.96915    95.20433    97.40424    97.45739    97.89470    98.04899    98.68608    98.72628    98.78887    98.96470   101.05469   101.49547
     0.06911264    94.96915    95.20433    97.40424    97.45739    97.89470    98.04899    98.68608    98.72628    98.78887    98.96470   101.05469   101.49547
     0.07081962    94.94932    95.22454    97.40422    97.45737    97.89467    98.04907    98.68630    98.72575    98.78923    98.96468   101.05472   101.49550
     0.07252661    94.90255    95.27247    97.40413    97.45731    97.89457    98.04930    98.68696    98.72422    98.79025    98.96465   101.05482   101.49560
     0.07423360    94.84453    95.33240    97.40397    97.45723    97.89439    98.04970    98.68799    98.72182    98.79184    98.96459   101.05498   101.49578
     0.07594059    94.78230    95.39731    97.40369    97.45718    97.89413    98.05030    98.68925    98.71883    98.79389    98.96450   101.05520   101.49601
     0.07764757    94.71873    95.46437    97.40326    97.45719    97.89377    98.05110    98.69042    98.71564    98.79628    98.96441   101.05548   101.49632
     0.07935456    94.65546    95.53224    97.40260    97.45733    97.89329    98.05214    98.69089    98.71298    98.79890    98.96430   101.05582   101.49669
     0.08106155    94.59589    95.60020    97.40166    97.45766    97.89270    98.05345    98.68968    98.71185    98.80166    98.96419   101.05622   101.49713
     0.08276854    94.56585    95.66775    97.40036    97.45825    97.89198    98.05504    98.68627    98.71284    98.80452    98.96408   101.05667   101.49762
     0.08447552    94.56117    95.73450    97.39864    97.45915    97.89115    98.05693    98.68105    98.71555    98.80743    98.96398   101.05718   101.49818
     0.08618251    94.55903    95.80017    97.39644    97.46041    97.89023    98.05912    98.67466    98.71937    98.81035    98.96391   101.05773   101.49878
     0.08788950    94.55727    95.86448    97.39370    97.46205    97.88926    98.06163    98.66747    98.72389    98.81328    98.96386   101.05832   101.49945
     0.08959649    94.55557    95.92720    97.39040    97.46409    97.88828    98.06442    98.65970    98.72890    98.81621    98.96384   101.05896   101.50016
     0.09130347    94.55381    95.98811    97.38649    97.46652    97.88737    98.06749    98.65147    98.73425    98.81914    98.96387   101.05963   101.50091
     0.09301046    94.55196    96.04701    97.38194    97.46931    97.88660    98.07081    98.64283    98.73984    98.82207    98.96396   101.06034   101.50171
     0.09471745    94.54999    96.10374    97.37672    97.47243    97.88606    98.07433    98.63387    98.74557    98.82503    98.96411   101.06107   101.50254
     0.09642444    94.54789    96.15813    97.37081    97.47582    97.88585    98.07803    98.62461    98.75136    98.82802    98.96434   101.06183   101.50340
     0.09813142    94.54566    96.21005    97.36415    97.47942    97.88608    98.08185    98.61510    98.75714    98.83109    98.96464   101.06260   101.50429
     0.09983841    94.54329    96.25939    97.35670    97.48318    97.88685    98.08576    98.60538    98.76281    98.83425    98.96504   101.06339   101.50520
     0.10154540    94.54078    96.30608    97.34842    97.48700    97.88826    98.08972    98.59548    98.76830    98.83754    98.96553   101.06418   101.50612
     0.10325239    94.53812    96.35005    97.33925    97.49079    97.89041    98.09368    98.58544    98.77353    98.84099    98.96614   101.06498   101.50705
     0.10495937    94.53533    96.39128    97.32915    97.49445    97.89339    98.09763    98.57529    98.77844    98.84464    98.96686   101.06578   101.50798
     0.10666636    94.53239    96.42978    97.31805    97.49788    97.89724    98.10153    98.56507    98.78296    98.84848    98.96772   101.06658   101.50891
     0.10837335    94.52932    96.46559    97.30592    97.50095    97.90201    98.10538    98.55481    98.78704    98.85253    98.96873   101.06736   101.50983
     0.11008034    94.52611    96.49877    97.29271    97.50357    97.90770    98.10918    98.54455    98.79068    98.85677    98.96989   101.06814   101.51074
     0.11178732    94.52278    96.52942    97.27839    97.50561    97.91430    98.11294    98.53430    98.79386    98.86114    98.97122   101.06889   101.51163
     0.11349431    94.51934    96.55766    97.26293    97.50697    97.92174    98.11671    98.52411    98.79660    98.86560    98.97275   101.06963   101.51249
     0.11520130    94.51578    96.58363    97.24631    97.50754    97.92993    98.12052    98.51398    98.79891    98.87008    98.97448   101.07034   101.51332
     0.11690829    94.51213    96.60746    97.22852    97.50724    97.93874    98.12446    98.50395    98.80085    98.87449    98.97643   101.07103   101.51412
     0.11861527    94.50840    96.62934    97.20957    97.50598    97.94803    98.12860    98.49403    98.80243    98.87878    98.97862   101.07168   101.51489
     0.12032226    94.50460    96.64942    97.18946    97.50369    97.95762    98.13306    98.48423    98.80369    98.88285    98.98104   101.07231   101.51561
     0.12202925    94.50076    96.66788    97.16821    97.50032    97.96732    98.13794    98.47456    98.80467    98.88667    98.98372   101.07291   101.51629
     0.12373624    94.49689    96.68488    97.14585    97.49582    97.97696    98.14336    98.46503    98.80539    98.89016    98.98664   101.07347   101.51693
     0.12544322    94.49303    96.70057    97.12242    97.49015    97.98636    98.14943    98.45565    98.80587    98.89330    98.98980   101.07400   101.51752
     0.12715021    94.48919    96.71511    97.09796    97.48330    97.99536    98.15623    98.44641    98.80612    98.89607    98.99317   101.07450   101.51807
     0.12885720    94.48541    96.72862    97.07255    97.47526    98.00386    98.16383    98.43732    98.80617    98.89846    98.99672   101.07496   101.51857
     0.13056419    94.48172    96.74122    97.04624    97.46603    98.01178    98.17222    98.42838    98.80602    98.90046    99.00043   101.07540   101.51903
     0.13227117    94.47816    96.75298    97.01916    97.45565    98.01911    98.18138    98.41962    98.80567    98.90210    99.00424   101.07580   101.51945
     0.13397816    94.47477    96.76393    96.99144    97.44415    98.02585    98.19122    98.41105    98.80514    98.90337    99.00814   101.07618   101.51982
     0.13568515    94.47159    96.77401    96.96332    97.43158    98.03205    98.20162    98.40270    98.80442    98.90432    99.01206   101.07653   101.52016
     0.13739214    94.46866    96.78298    96.93517    97.41803    98.03775    98.21244    98.39461    98.80351    98.90496    99.01598   101.07685   101.52047
     0.13909913    94.46605    96.79019    96.90781    97.40359    98.04302    98.22353    98.38684    98.80243    98.90533    99.01985   101.07715   101.52074
     0.14080611    94.46379    96.79393    96.88310    97.38834    98.04790    98.23469    98.37948    98.80116    98.90544    99.02364   101.07743   101.52098
     0.14251310    94.46195    96.79025    96.86512    97.37242    98.05240    98.24574    98.37265    98.79971    98.90533    99.02732   101.07769   101.52121
     0.14422009    94.46059    96.77512    96.85800    97.35596    98.05653    98.25645    98.36653    98.79807    98.90502    99.03087   101.07794   101.52141
     0.14592708    94.45976    96.75092    96.85949    97.33909    98.06028    98.26654    98.36135    98.79626    98.90455    99.03426   101.07817   101.52160
     0.14763406    94.45954    96.72232    96.86502    97.32199    98.06360    98.27568    98.35744    98.79427    98.90395    99.03748   101.07840   101.52177
     0.14934105    94.46000    96.69180    96.87218    97.30483    98.06644    98.28346    98.35522    98.79210    98.90323    99.04050   101.07861   101.52194
     0.15104804    94.46121    96.66043    96.87996    97.28780    98.06871    98.28949    98.35510    98.78977    98.90245    99.04331   101.07882   101.52211
     0.15275503    94.46325    96.62878    96.88784    97.27112    98.07033    98.29359    98.35726    98.78727    98.90161    99.04591   101.07902   101.52228
     0.15446201    94.46622    96.59719    96.89548    97.25504    98.07122    98.29603    98.36150    98.78462    98.90077    99.04828   101.07922   101.52246
     0.15446201    94.46622    96.59719    96.89548    97.25504    98.07122    98.29603    98.36150    98.78462    98.90077    99.04828   101.07922   101.52246
     0.15584427    94.45976    96.60605    96.88693    97.26588    98.06674    98.29718    98.35740    98.78796    98.90042    99.04717   101.07927   101.52237
     0.15722652    94.45397    96.61562    96.87853    97.27681    98.06155    98.29755    98.35458    98.79109    98.90008    99.04592   101.07930   101.52229
     0.15860877    94.44886    96.62578    96.87042    97.28779    98.05572    98.29666    98.35347    98.79398    98.89975    99.04450   101.07932   101.52222
     0.15999102    94.44445    96.63635    96.86276    97.29876    98.04932    98.29422    98.35429    98.79664    98.89944    99.04293   101.07934   101.52216
     0.16137328    94.44074    96.64712    96.85576    97.30969    98.04243    98.29026    98.35695    98.79904    98.89918    99.04120   101.07934   101.52212
     0.16275553    94.43773    96.65778    96.84971    97.32051    98.03512    98.28502    98.36115    98.80116    98.89897    99.03931   101.07933   101.52208
     0.16413778    94.43544    96.66792    96.84498    97.33120    98.02745    98.27882    98.36654    98.80299    98.89882    99.03728   101.07931   101.52205
     0.16552003    94.43384    96.67701    96.84205    97.34171    98.01946    98.27190    98.37280    98.80452    98.89876    99.03510   101.07928   101.52204
     0.16690229    94.43294    96.68446    96.84149    97.35200    98.01121    98.26445    98.37974    98.80573    98.89881    99.03277   101.07923   101.52203
     0.16828454    94.43272    96.68965    96.84384    97.36201    98.00272    98.25661    98.38719    98.80661    98.89897    99.03031   101.07918   101.52203
     0.16966679    94.43315    96.69216    96.84947    97.37173    97.99404    98.24844    98.39504    98.80716    98.89925    99.02770   101.07911   101.52203
     0.17104905    94.43424    96.69191    96.85839    97.38109    97.98518    98.24003    98.40322    98.80736    98.89967    99.02497   101.07903   101.52205
     0.17243130    94.43595    96.68911    96.87033    97.39008    97.97615    98.23141    98.41167    98.80723    98.90022    99.02212   101.07894   101.52208
     0.17381355    94.43829    96.68416    96.88480    97.39866    97.96698    98.22263    98.42034    98.80676    98.90091    99.01916   101.07883   101.52211
     0.17519580    94.44123    96.67745    96.90131    97.40679    97.95766    98.21371    98.42921    98.80597    98.90172    99.01609   101.07872   101.52215
     0.17657806    94.44477    96.66934    96.91943    97.41445    97.94819    98.20470    98.43824    98.80488    98.90264    99.01293   101.07859   101.52220
     0.17796031    94.44892    96.66007    96.93881    97.42162    97.93856    98.19562    98.44743    98.80349    98.90366    99.00970   101.07844   101.52225
     0.17934256    94.45368    96.64984    96.95916    97.42830    97.92876    98.18651    98.45675    98.80185    98.90474    99.00641   101.07829   101.52232
     0.18072481    94.45910    96.63875    96.98027    97.43447    97.91875    98.17739    98.46619    98.79996    98.90586    99.00307   101.07812   101.52239
     0.18210707    94.46523    96.62687    97.00194    97.44014    97.90851    98.16832    98.47574    98.79786    98.90698    98.99973   101.07794   101.52246
     0.18348932    94.47214    96.61423    97.02402    97.44532    97.89799    98.15932    98.48539    98.79557    98.90807    98.99639   101.07775   101.52255
     0.18487157    94.47997    96.60087    97.04636    97.45005    97.88717    98.15045    98.49514    98.79312    98.90907    98.99311   101.07755   101.52264
     0.18625383    94.48889    96.58675    97.06883    97.45437    97.87600    98.14174    98.50497    98.79053    98.90993    98.98991   101.07734   101.52274
     0.18763608    94.49917    96.57188    97.09129    97.45834    97.86442    98.13325    98.51488    98.78783    98.91060    98.98685   101.07712   101.52285
     0.18901833    94.51118    96.55623    97.11360    97.46202    97.85238    98.12503    98.52485    98.78504    98.91102    98.98398   101.07690   101.52297
     0.19040058    94.52544    96.53976    97.13562    97.46553    97.83986    98.11711    98.53488    98.78218    98.91111    98.98136   101.07666   101.52309
     0.19178284    94.54260    96.52243    97.15718    97.46898    97.82679    98.10955    98.54495    98.77927    98.91082    98.97904   101.07642   101.52322
     0.19316509    94.56347    96.50422    97.17810    97.47251    97.81316    98.10240    98.55504    98.77633    98.91008    98.97707   101.07617   101.52336
     0.19454734    94.58885    96.48508    97.19819    97.47629    97.79894    98.09568    98.56514    98.77336    98.90886    98.97549   101.07592   101.52351
     0.19592959    94.61934    96.46496    97.21722    97.48050    97.78411    98.08944    98.57522    98.77040    98.90713    98.97432   101.07566   101.52366
     0.19731185    94.65510    96.44384    97.23495    97.48536    97.76870    98.08369    98.58526    98.76744    98.90491    98.97355   101.07541   101.52382
     0.19869410    94.69579    96.42167    97.25115    97.49104    97.75274    98.07848    98.59522    98.76451    98.90222    98.97316   101.07515   101.52399
     0.20007635    94.74069    96.39843    97.26559    97.49771    97.73629    98.07382    98.60506    98.76162    98.89911    98.97310   101.07490   101.52417
     0.20145861    94.78901    96.37408    97.27810    97.50543    97.71945    98.06972    98.61472    98.75878    98.89565    98.97331   101.07464   101.52435
     0.20284086    94.83997    96.34861    97.28858    97.51414    97.70243    98.06621    98.62416    98.75603    98.89191    98.97375   101.07439   101.52454
     0.20422311    94.89292    96.32199    97.29703    97.52354    97.68553    98.06329    98.63329    98.75338    98.88795    98.97435   101.07415   101.52474
     0.20560536    94.94736    96.29424    97.30352    97.53298    97.66934    98.06098    98.64201    98.75089    98.88387    98.97507   101.07391   101.52494
     0.20698762    95.00287    96.26534    97.30824    97.54122    97.65496    98.05930    98.65022    98.74861    98.87974    98.97586   101.07369   101.52514
     0.20836987    95.05912    96.23532    97.31139    97.54611    97.64437    98.05825    98.65775    98.74660    98.87564    98.97670   101.07347   101.52535
     0.20975212    95.11582    96.20421    97.31319    97.54489    97.64012    98.05786    98.66445    98.74496    98.87166    98.97754   101.07326   101.52557
     0.21113437    95.17272    96.17208    97.31386    97.53634    97.64323    98.05815    98.67010    98.74379    98.86792    98.97836   101.07306   101.52578
     0.21251663    95.22957    96.13900    97.31358    97.52203    97.65199    98.05914    98.67450    98.74318    98.86450    98.97915   101.07287   101.52599
     0.21389888    95.28612    96.10511    97.31251    97.50418    97.66401    98.06085    98.67751    98.74315    98.86154    98.97988   101.07270   101.52621
     0.21528113    95.34207    96.07058    97.31078    97.48430    97.67771    98.06329    98.67904    98.74364    98.85918    98.98055   101.07255   101.52642
     0.21666339    95.39705    96.03570    97.30848    97.46321    97.69216    98.06650    98.67917    98.74444    98.85752    98.98115   101.07240   101.52663
     0.21804564    95.45053    96.00093    97.30567    97.44140    97.70684    98.07049    98.67802    98.74530    98.85671    98.98166   101.07228   101.52684
     0.21942789    95.50171    95.96702    97.30236    97.41921    97.72144    98.07527    98.67580    98.74592    98.85681    98.98210   101.07217   101.52704
     0.22081014    95.54918    95.93531    97.29849    97.39693    97.73573    98.08085    98.67269    98.74609    98.85786    98.98247   101.07207   101.52723
     0.22219240    95.59042    95.90831    97.29388    97.37490    97.74959    98.08721    98.66883    98.74566    98.85983    98.98277   101.07200   101.52742
     0.22357465    95.62097    95.89045    97.28812    97.35367    97.76291    98.09436    98.66436    98.74460    98.86264    98.98300   101.07194   101.52760
     0.22357465    95.62097    95.89045    97.28812    97.35367    97.76291    98.09436    98.66436    98.74460    98.86264    98.98300   101.07194   101.52760
     0.22549017    95.58629    95.90461    97.29310    97.37707    97.74942    98.08839    98.66933    98.74541    98.85966    98.98227   101.07207   101.52749
     0.22740569    95.54128    95.92887    97.29592    97.40143    97.73446    98.08462    98.67374    98.74600    98.85712    98.98151   101.07223   101.52749
     0.22932120    95.49069    95.95866    97.29688    97.42637    97.71810    98.08299    98.67762    98.74627    98.85510    98.98072   101.07241   101.52758
     0.23123672    95.43728    95.99139    97.29614    97.45162    97.70049    98.08339    98.68099    98.74614    98.85366    98.97990   101.07261   101.52778
     0.23315224    95.38263    96.02564    97.29378    97.47696    97.68183    98.08567    98.68385    98.74560    98.85284    98.97904   101.07283   101.52808
     0.23506776    95.32773    96.06060    97.28984    97.50210    97.66248    98.08964    98.68616    98.74467    98.85260    98.97818   101.07307   101.52848
     0.23698328    95.27326    96.09578    97.28434    97.52651    97.64304    98.09514    98.68783    98.74349    98.85288    98.97731   101.07332   101.52897
     0.23889879    95.21978    96.13083    97.27732    97.54861    97.62519    98.10199    98.68874    98.74224    98.85361    98.97647   101.07359   101.52954
     0.24081431    95.16773    96.16551    97.26880    97.56218    97.61519    98.11002    98.68872    98.74114    98.85467    98.97570   101.07386   101.53018
     0.24272983    95.11753    96.19961    97.25882    97.55637    97.62399    98.11909    98.68762    98.74041    98.85594    98.97502   101.07414   101.53088
     0.24464535    95.06959    96.23299    97.24742    97.53839    97.64439    98.12906    98.68534    98.74022    98.85732    98.97448   101.07442   101.53163
     0.24656086    95.02428    96.26550    97.23465    97.51679    97.66789    98.13981    98.68186    98.74059    98.85869    98.97413   101.07471   101.53242
     0.24847638    94.98192    96.29703    97.22058    97.49387    97.69220    98.15124    98.67729    98.74148    98.85998    98.97400   101.07499   101.53323
     0.25039190    94.94280    96.32744    97.20529    97.47031    97.71663    98.16324    98.67175    98.74276    98.86111    98.97413   101.07527   101.53405
     0.25230742    94.90713    96.35665    97.18887    97.44637    97.74091    98.17573    98.66539    98.74428    98.86203    98.97458   101.07554   101.53485
     0.25422294    94.87499    96.38455    97.17143    97.42222    97.76489    98.18863    98.65835    98.74588    98.86271    98.97536   101.07580   101.53563
     0.25613845    94.84633    96.41104    97.15306    97.39793    97.78847    98.20185    98.65075    98.74742    98.86315    98.97650   101.07606   101.53638
     0.25805397    94.82097    96.43602    97.13389    97.37358    97.81158    98.21534    98.64269    98.74878    98.86335    98.97801   101.07630   101.53706
     0.25996949    94.79861    96.45940    97.11402    97.34926    97.83416    98.22901    98.63425    98.74985    98.86335    98.97989   101.07653   101.53769
     0.26188501    94.77886    96.48106    97.09356    97.32506    97.85618    98.24280    98.62550    98.75052    98.86318    98.98213   101.07675   101.53823
     0.26380053    94.76128    96.50093    97.07260    97.30107    97.87760    98.25664    98.61653    98.75071    98.86290    98.98471   101.07695   101.53868
     0.26571604    94.74542    96.51889    97.05124    97.27742    97.89840    98.27046    98.60738    98.75035    98.86256    98.98761   101.07714   101.53904
     0.26763156    94.73084    96.53484    97.02956    97.25427    97.91856    98.28418    98.59814    98.74938    98.86219    98.99080   101.07732   101.53929
     0.26954708    94.71714    96.54869    97.00760    97.23179    97.93808    98.29774    98.58887    98.74776    98.86185    98.99424   101.07747   101.53944
     0.27146260    94.70395    96.56036    96.98542    97.21017    97.95696    98.31104    98.57965    98.74549    98.86156    98.99789   101.07762   101.53947
     0.27337812    94.69094    96.56978    96.96305    97.18963    97.97521    98.32400    98.57056    98.74255    98.86134    99.00174   101.07775   101.53940
     0.27529363    94.67783    96.57690    96.94050    97.17037    97.99282    98.33653    98.56169    98.73897    98.86120    99.00572   101.07787   101.53921
     0.27720915    94.66435    96.58170    96.91782    97.15258    98.00983    98.34853    98.55314    98.73479    98.86114    99.00981   101.07798   101.53893
     0.27912467    94.65029    96.58423    96.89502    97.13640    98.02624    98.35987    98.54504    98.73003    98.86114    99.01398   101.07808   101.53854
     0.28104019    94.63545    96.58455    96.87215    97.12195    98.04207    98.37043    98.53751    98.72476    98.86121    99.01818   101.07817   101.53806
     0.28295571    94.61965    96.58281    96.84928    97.10925    98.05734    98.38003    98.53073    98.71903    98.86132    99.02238   101.07826   101.53751
     0.28487122    94.60277    96.57919    96.82651    97.09827    98.07206    98.38851    98.52488    98.71289    98.86146    99.02654   101.07833   101.53688
     0.28678674    94.58469    96.57390    96.80396    97.08893    98.08626    98.39566    98.52016    98.70641    98.86163    99.03065   101.07840   101.53619
     0.28870226    94.56533    96.56721    96.78177    97.08108    98.09994    98.40129    98.51677    98.69963    98.86181    99.03465   101.07847   101.53545
     0.29061778    94.54465    96.55940    96.76009    97.07456    98.11309    98.40527    98.51487    98.69263    98.86200    99.03854   101.07854   101.53468
     0.29253330    94.52264    96.55074    96.73907    97.06919    98.12574    98.40756    98.51448    98.68547    98.86220    99.04228   101.07860   101.53389
     0.29444881    94.49932    96.54154    96.71887    97.06480    98.13786    98.40829    98.51551    98.67820    98.86239    99.04586   101.07866   101.53309
     0.29636433    94.47478    96.53204    96.69962    97.06121    98.14943    98.40768    98.51773    98.67090    98.86258    99.04924   101.07872   101.53228
     0.29827985    94.44915    96.52252    96.68145    97.05829    98.16045    98.40606    98.52084    98.66362    98.86276    99.05241   101.07877   101.53150
     0.30019537    94.42260    96.51319    96.66448    97.05590    98.17086    98.40373    98.52455    98.65644    98.86294    99.05536   101.07883   101.53074
     0.30211089    94.39541    96.50427    96.64880    97.05395    98.18063    98.40096    98.52861    98.64943    98.86310    99.05807   101.07888   101.53002
     0.30402640    94.36791    96.49593    96.63451    97.05235    98.18971    98.39800    98.53279    98.64266    98.86325    99.06052   101.07893   101.52934
     0.30594192    94.34052    96.48831    96.62168    97.05104    98.19801    98.39500    98.53695    98.63622    98.86339    99.06271   101.07897   101.52872
     0.30785744    94.31381    96.48154    96.61039    97.04997    98.20547    98.39213    98.54095    98.63019    98.86351    99.06463   101.07901   101.52817
     0.30977296    94.28846    96.47570    96.60070    97.04910    98.21201    98.38949    98.54468    98.62470    98.86362    99.06626   101.07905   101.52769
     0.31168848    94.26533    96.47086    96.59268    97.04842    98.21753    98.38718    98.54803    98.61985    98.86371    99.06761   101.07908   101.52729
     0.31360399    94.24544    96.46706    96.58638    97.04790    98.22194    98.38529    98.55089    98.61579    98.86378    99.06866   101.07910   101.52697
     0.31551951    94.22998    96.46433    96.58184    97.04754    98.22516    98.38389    98.55309    98.61270    98.86383    99.06941   101.07912   101.52674
     0.31743503    94.22009    96.46269    96.57911    97.04733    98.22713    98.38302    98.55451    98.61074    98.86386    99.06987   101.07913   101.52660
     0.31935055    94.21668    96.46214    96.57819    97.04725    98.22779    98.38273    98.55499    98.61007    98.86387    99.07002   101.07914   101.52656
     0.31935055    94.21668    96.46214    96.57819    97.04725    98.22779    98.38273    98.55499    98.61007    98.86387    99.07002   101.07914   101.52656
     0.32073280    94.21838    96.46248    96.57822    97.04769    98.22677    98.38320    98.55529    98.60991    98.86405    99.06988   101.07916   101.52660
     0.32211505    94.22345    96.46351    96.57831    97.04900    98.22378    98.38456    98.55616    98.60943    98.86457    99.06946   101.07922   101.52675
     0.32349731    94.23184    96.46522    96.57845    97.05117    98.21894    98.38670    98.55752    98.60871    98.86544    99.06877   101.07931   101.52699
     0.32487956    94.24343    96.46758    96.57868    97.05418    98.21246    98.38944    98.55922    98.60788    98.86664    99.06781   101.07945   101.52733
     0.32626181    94.25808    96.47056    96.57899    97.05803    98.20455    98.39261    98.56102    98.60715    98.86816    99.06657   101.07962   101.52776
     0.32764406    94.27563    96.47414    96.57943    97.06270    98.19542    98.39605    98.56259    98.60684    98.86999    99.06507   101.07982   101.52828
     0.32902632    94.29590    96.47824    96.58002    97.06814    98.18526    98.39963    98.56347    98.60734    98.87209    99.06330   101.08006   101.52890
     0.33040857    94.31869    96.48280    96.58083    97.07434    98.17424    98.40323    98.56323    98.60904    98.87445    99.06127   101.08033   101.52960
     0.33179082    94.34381    96.48771    96.58193    97.08127    98.16249    98.40680    98.56164    98.61215    98.87704    99.05899   101.08063   101.53040
     0.33317307    94.37108    96.49283    96.58344    97.08887    98.15013    98.41029    98.55868    98.61660    98.87984    99.05646   101.08096   101.53128
     0.33455533    94.40030    96.49798    96.58552    97.09712    98.13727    98.41366    98.55455    98.62220    98.88282    99.05369   101.08131   101.53224
     0.33593758    94.43130    96.50294    96.58833    97.10596    98.12397    98.41688    98.54945    98.62869    98.88595    99.05070   101.08169   101.53329
     0.33731983    94.46391    96.50745    96.59212    97.11536    98.11033    98.41994    98.54357    98.63585    98.88919    99.04750   101.08208   101.53441
     0.33870209    94.49799    96.51126    96.59709    97.12526    98.09639    98.42280    98.53708    98.64352    98.89253    99.04410   101.08249   101.53561
     0.34008434    94.53338    96.51413    96.60343    97.13562    98.08222    98.42542    98.53014    98.65155    98.89591    99.04053   101.08291   101.53688
     0.34146659    94.56996    96.51592    96.61123    97.14638    98.06786    98.42771    98.52291    98.65985    98.89930    99.03680   101.08334   101.53821
     0.34284884    94.60760    96.51658    96.62049    97.15749    98.05336    98.42955    98.51558    98.66832    98.90266    99.03295   101.08378   101.53961
     0.34423110    94.64619    96.51614    96.63114    97.16891    98.03876    98.43072    98.50843    98.67691    98.90593    99.02902   101.08422   101.54107
     0.34561335    94.68562    96.51463    96.64305    97.18057    98.02410    98.43091    98.50181    98.68555    98.90907    99.02505   101.08467   101.54258
     0.34699560    94.72580    96.51214    96.65610    97.19243    98.00943    98.42970    98.49621    98.69420    98.91198    99.02111   101.08511   101.54414
     0.34837786    94.76663    96.50871    96.67017    97.20443    97.99478    98.42663    98.49209    98.70281    98.91461    99.01726   101.08555   101.54574
     0.34976011    94.80803    96.50438    96.68514    97.21652    97.98018    98.42144    98.48979    98.71134    98.91684    99.01359   101.08599   101.54738
     0.35114236    94.84992    96.49918    96.70091    97.22867    97.96567    98.41416    98.48928    98.71976    98.91857    99.01021   101.08642   101.54905
     0.35252461    94.89222    96.49311    96.71739    97.24081    97.95128    98.40510    98.49030    98.72804    98.91968    99.00724   101.08683   101.55075
     0.35390687    94.93487    96.48617    96.73451    97.25290    97.93706    98.39463    98.49253    98.73615    98.92004    99.00477   101.08724   101.55246
     0.35528912    94.97778    96.47835    96.75218    97.26490    97.92303    98.38308    98.49566    98.74407    98.91957    99.00293   101.08763   101.55419
     0.35667137    95.02091    96.46962    96.77033    97.27676    97.90923    98.37068    98.49950    98.75177    98.91818    99.00178   101.08801   101.55592
     0.35805362    95.06418    96.45998    96.78889    97.28845    97.89569    98.35763    98.50390    98.75921    98.91587    99.00132   101.08837   101.55765
     0.35943588    95.10754    96.44939    96.80777    97.29992    97.88245    98.34406    98.50875    98.76639    98.91267    99.00153   101.08872   101.55937
     0.36081813    95.15092    96.43783    96.82690    97.31115    97.86953    98.33008    98.51399    98.77328    98.90868    99.00232   101.08905   101.56107
     0.36220038    95.19427    96.42527    96.84621    97.32210    97.85698    98.31578    98.51958    98.77983    98.90402    99.00360   101.08936   101.56275
     0.36358264    95.23753    96.41170    96.86559    97.33273    97.84481    98.30126    98.52546    98.78603    98.89881    99.00526   101.08965   101.56440
     0.36496489    95.28065    96.39710    96.88497    97.34301    97.83307    98.28660    98.53160    98.79182    98.89319    99.00720   101.08993   101.56601
     0.36634714    95.32356    96.38145    96.90424    97.35293    97.82177    98.27188    98.53798    98.79717    98.88730    99.00933   101.09018   101.56758
     0.36772939    95.36621    96.36473    96.92331    97.36244    97.81096    98.25720    98.54455    98.80199    98.88129    99.01157   101.09042   101.56909
     0.36911165    95.40853    96.34695    96.94206    97.37153    97.80065    98.24264    98.55128    98.80619    98.87533    99.01386   101.09064   101.57054
     0.37049390    95.45048    96.32811    96.96038    97.38016    97.79088    98.22830    98.55814    98.80961    98.86963    99.01615   101.09084   101.57193
     0.37187615    95.49197    96.30821    96.97814    97.38831    97.78168    98.21430    98.56509    98.81206    98.86446    99.01839   101.09102   101.57324
     0.37325840    95.53295    96.28728    96.99522    97.39596    97.77307    98.20074    98.57206    98.81325    98.86016    99.02056   101.09119   101.57448
     0.37464066    95.57332    96.26536    97.01149    97.40307    97.76508    98.18774    98.57900    98.81297    98.85702    99.02262   101.09133   101.57563
     0.37602291    95.61299    96.24250    97.02680    97.40962    97.75774    98.17542    98.58585    98.81114    98.85519    99.02454   101.09147   101.57668
     0.37740516    95.65185    96.21877    97.04102    97.41559    97.75108    98.16391    98.59252    98.80799    98.85452    99.02631   101.09158   101.57765
     0.37878742    95.68974    96.19431    97.05399    97.42094    97.74512    98.15336    98.59891    98.80396    98.85468    99.02791   101.09169   101.57851
     0.38016967    95.72644    96.16929    97.06559    97.42565    97.73990    98.14387    98.60492    98.79952    98.85530    99.02932   101.09177   101.57926
     0.38155192    95.76165    96.14401    97.07567    97.42968    97.73543    98.13559    98.61040    98.79507    98.85613    99.03053   101.09185   101.57990
     0.38293417    95.79482    96.11899    97.08412    97.43303    97.73174    98.12863    98.61521    98.79093    98.85698    99.03154   101.09191   101.58044
     0.38431643    95.82507    96.09509    97.09081    97.43565    97.72884    98.12309    98.61919    98.78739    98.85772    99.03233   101.09195   101.58085
     0.38569868    95.85074    96.07397    97.09566    97.43754    97.72676    98.11907    98.62217    98.78468    98.85830    99.03290   101.09198   101.58115
     0.38708093    95.86893    96.05851    97.09860    97.43868    97.72551    98.11663    98.62403    98.78297    98.85866    99.03324   101.09200   101.58133
     0.38846318    95.87571    96.05264    97.09959    97.43906    97.72509    98.11581    98.62466    98.78239    98.85878    99.03335   101.09201   101.58139
     0.38846318    95.87571    96.05264    97.09959    97.43906    97.72509    98.11581    98.62466    98.78239    98.85878    99.03335   101.09201   101.58139
     0.39050581    95.86764    96.05741    97.09928    97.43875    97.72568    98.11668    98.62406    98.78291    98.85857    99.03315   101.09196   101.58123
     0.39254843    95.84542    96.06975    97.09841    97.43782    97.72744    98.11928    98.62232    98.78444    98.85792    99.03252   101.09180   101.58073
     0.39459105    95.81261    96.08622    97.09706    97.43632    97.73030    98.12350    98.61955    98.78684    98.85686    99.03150   101.09154   101.57990
     0.39663367    95.77182    96.10438    97.09541    97.43428    97.73417    98.12918    98.61595    98.78990    98.85544    99.03008   101.09119   101.57876
     0.39867630    95.72453    96.12302    97.09362    97.43175    97.73895    98.13611    98.61173    98.79339    98.85371    99.02831   101.09074   101.57733
     0.40071892    95.67157    96.14165    97.09192    97.42877    97.74454    98.14407    98.60711    98.79701    98.85178    99.02621   101.09020   101.57562
     0.40276154    95.61352    96.16014    97.09048    97.42537    97.75087    98.15278    98.60232    98.80047    98.84980    99.02382   101.08959   101.57367
     0.40480416    95.55091    96.17849    97.08948    97.42157    97.75787    98.16197    98.59755    98.80338    98.84800    99.02119   101.08890   101.57148
     0.40684679    95.48426    96.19681    97.08904    97.41737    97.76550    98.17140    98.59295    98.80537    98.84664    99.01837   101.08816   101.56911
     0.40888941    95.41423    96.21519    97.08926    97.41277    97.77372    98.18080    98.58869    98.80605    98.84603    99.01541   101.08736   101.56658
     0.41093203    95.34154    96.23376    97.09019    97.40777    97.78251    98.18996    98.58485    98.80521    98.84631    99.01238   101.08652   101.56392
     0.41297466    95.26709    96.25260    97.09184    97.40236    97.79186    98.19871    98.58153    98.80293    98.84739    99.00933   101.08565   101.56116
     0.41501728    95.19190    96.27180    97.09419    97.39656    97.80175    98.20690    98.57875    98.79946    98.84899    99.00634   101.08477   101.55834
     0.41705990    95.11721    96.29142    97.09721    97.39039    97.81216    98.21443    98.57651    98.79513    98.85081    99.00346   101.08387   101.55549
     0.41910252    95.04440    96.31148    97.10080    97.38391    97.82306    98.22124    98.57477    98.79023    98.85261    99.00076   101.08299   101.55264
     0.42114515    94.97503    96.33202    97.10488    97.37716    97.83439    98.22731    98.57344    98.78501    98.85422    98.99828   101.08211   101.54983
     0.42318777    94.91069    96.35303    97.10934    97.37024    97.84613    98.23268    98.57239    98.77969    98.85553    98.99608   101.08127   101.54707
     0.42523039    94.85281    96.37448    97.11403    97.36328    97.85820    98.23738    98.57146    98.77446    98.85650    98.99419   101.08046   101.54438
     0.42727301    94.80240    96.39634    97.11880    97.35640    97.87053    98.24149    98.57045    98.76952    98.85711    98.99262   101.07970   101.54181
     0.42931564    94.75982    96.41856    97.12346    97.34982    97.88305    98.24510    98.56916    98.76504    98.85737    98.99140   101.07899   101.53935
     0.43135826    94.72474    96.44108    97.12779    97.34374    97.89568    98.24832    98.56736    98.76120    98.85731    98.99051   101.07834   101.53702
     0.43340088    94.69636    96.46382    97.13154    97.33843    97.90833    98.25122    98.56488    98.75814    98.85700    98.98994   101.07776   101.53484
     0.43544350    94.67363    96.48669    97.13445    97.33418    97.92090    98.25392    98.56156    98.75596    98.85650    98.98967   101.07725   101.53282
     0.43748613    94.65550    96.50962    97.13625    97.33129    97.93330    98.25649    98.55730    98.75472    98.85588    98.98967   101.07681   101.53096
     0.43952875    94.64107    96.53249    97.13670    97.33003    97.94545    98.25901    98.55207    98.75443    98.85521    98.98993   101.07645   101.52927
     0.44157137    94.62959    96.55523    97.13563    97.33060    97.95726    98.26153    98.54590    98.75502    98.85457    98.99039   101.07617   101.52774
     0.44361399    94.62048    96.57771    97.13299    97.33309    97.96864    98.26409    98.53887    98.75640    98.85402    98.99104   101.07597   101.52637
     0.44565662    94.61327    96.59985    97.12882    97.33749    97.97952    98.26670    98.53111    98.75843    98.85364    98.99186   101.07585   101.52517
     0.44769924    94.60762    96.62155    97.12327    97.34369    97.98983    98.26936    98.52279    98.76097    98.85346    98.99281   101.07580   101.52412
     0.44974186    94.60326    96.64270    97.11655    97.35148    97.99951    98.27206    98.51408    98.76388    98.85355    98.99387   101.07582   101.52322
     0.45178448    94.59997    96.66323    97.10889    97.36068    98.00851    98.27473    98.50515    98.76701    98.85393    98.99502   101.07591   101.52246
     0.45382711    94.59757    96.68305    97.10053    97.37104    98.01680    98.27732    98.49620    98.77025    98.85462    98.99625   101.07606   101.52183
     0.45586973    94.59592    96.70208    97.09168    97.38235    98.02436    98.27975    98.48740    98.77349    98.85563    98.99753   101.07626   101.52133
     0.45791235    94.59490    96.72025    97.08253    97.39442    98.03116    98.28191    98.47895    98.77665    98.85695    98.99886   101.07651   101.52093
     0.45995497    94.59440    96.73751    97.07325    97.40705    98.03720    98.28371    98.47100    98.77967    98.85856    99.00021   101.07680   101.52063
     0.46199760    94.59434    96.75381    97.06399    97.42005    98.04249    98.28506    98.46371    98.78252    98.86041    99.00156   101.07712   101.52042
     0.46404022    94.59464    96.76911    97.05487    97.43327    98.04703    98.28587    98.45722    98.78517    98.86246    99.00292   101.07746   101.52028
     0.46608284    94.59521    96.78337    97.04599    97.44651    98.05084    98.28611    98.45160    98.78762    98.86465    99.00425   101.07782   101.52021
     0.46812546    94.59599    96.79656    97.03746    97.45962    98.05395    98.28577    98.44691    98.78986    98.86690    99.00554   101.07819   101.52019
     0.47016809    94.59692    96.80868    97.02936    97.47243    98.05639    98.28489    98.44314    98.79189    98.86917    99.00679   101.07855   101.52021
     0.47221071    94.59794    96.81971    97.02176    97.48474    98.05822    98.28356    98.44024    98.79374    98.87140    99.00797   101.07891   101.52026
     0.47425333    94.59901    96.82963    97.01473    97.49640    98.05950    98.28189    98.43810    98.79539    98.87352    99.00907   101.07925   101.52034
     0.47629595    94.60006    96.83844    97.00834    97.50723    98.06029    98.28002    98.43661    98.79685    98.87549    99.01007   101.07957   101.52043
     0.47833858    94.60106    96.84612    97.00265    97.51706    98.06069    98.27810    98.43564    98.79813    98.87727    99.01098   101.07985   101.52052
     0.48038120    94.60197    96.85267    96.99770    97.52571    98.06079    98.27625    98.43506    98.79922    98.87882    99.01176   101.08011   101.52061
     0.48242382    94.60277    96.85807    96.99355    97.53303    98.06068    98.27460    98.43475    98.80012    98.88013    99.01242   101.08032   101.52070
     0.48446644    94.60341    96.86230    96.99026    97.53889    98.06048    98.27323    98.43461    98.80083    98.88117    99.01294   101.08049   101.52077
     0.48650907    94.60389    96.86535    96.98787    97.54316    98.06026    98.27220    98.43457    98.80133    98.88192    99.01332   101.08062   101.52082
     0.48855169    94.60418    96.86718    96.98642    97.54576    98.06010    98.27157    98.43457    98.80164    98.88237    99.01355   101.08069   101.52086
     0.49059431    94.60428    96.86780    96.98594    97.54664    98.06004    98.27136    98.43457    98.80174    98.88252    99.01363   101.08072   101.52087
