     0.00000000    94.60428    96.86779    96.98594    97.54664    98.06004    98.27136    98.43457    98.80174    98.88252    99.01362   101.08072   101.52087
     0.00138225    94.60423    96.86745    96.98610    97.54641    98.05986    98.27126    98.43473    98.80163    98.88248    99.01356   101.08069   101.52084
     0.00276451    94.60408    96.86638    96.98659    97.54573    98.05935    98.27098    98.43522    98.80131    98.88236    99.01337   101.08061   101.52076
     0.00414676    94.60384    96.86452    96.98749    97.54462    98.05849    98.27050    98.43604    98.80077    98.88215    99.01306   101.08046   101.52062
     0.00552901    94.60351    96.86176    96.98886    97.54308    98.05729    98.26982    98.43719    98.80001    98.88187    99.01262   101.08027   101.52043
     0.00691126    94.60309    96.85797    96.99082    97.54115    98.05576    98.26892    98.43869    98.79905    98.88150    99.01206   101.08001   101.52018
     0.00829352    94.60258    96.85300    96.99347    97.53884    98.05389    98.26778    98.44054    98.79787    98.88105    99.01138   101.07971   101.51989
     0.00967577    94.60199    96.84672    96.99689    97.53618    98.05171    98.26639    98.44276    98.79649    98.88053    99.01058   101.07935   101.51954
     0.01105802    94.60132    96.83901    97.00115    97.53323    98.04921    98.26473    98.44535    98.79491    98.87993    99.00967   101.07894   101.51914
     0.01244027    94.60058    96.82976    97.00630    97.53001    98.04640    98.26279    98.44832    98.79314    98.87925    99.00865   101.07848   101.51869
     0.01382253    94.59978    96.81892    97.01233    97.52657    98.04330    98.26054    98.45167    98.79118    98.87850    99.00752   101.07797   101.51820
     0.01520478    94.59891    96.80642    97.01923    97.52294    98.03991    98.25799    98.45541    98.78903    98.87768    99.00629   101.07741   101.51767
     0.01658703    94.59800    96.79223    97.02697    97.51919    98.03625    98.25512    98.45953    98.78672    98.87678    99.00496   101.07682   101.51709
     0.01796929    94.59704    96.77632    97.03551    97.51534    98.03233    98.25192    98.46403    98.78423    98.87581    99.00354   101.07618   101.51647
     0.01935154    94.59603    96.75868    97.04479    97.51145    98.02816    98.24840    98.46891    98.78159    98.87477    99.00203   101.07550   101.51581
     0.02073379    94.59500    96.73929    97.05475    97.50756    98.02377    98.24455    98.47415    98.77880    98.87367    99.00044   101.07478   101.51512
     0.02211604    94.59394    96.71814    97.06534    97.50369    98.01916    98.24038    98.47973    98.77588    98.87249    98.99877   101.07403   101.51440
     0.02349830    94.59286    96.69523    97.07649    97.49989    98.01436    98.23589    98.48565    98.77283    98.87125    98.99702   101.07325   101.51365
     0.02488055    94.59177    96.67055    97.08816    97.49619    98.00938    98.23110    98.49188    98.76966    98.86994    98.99521   101.07245   101.51287
     0.02626280    94.59068    96.64411    97.10027    97.49262    98.00425    98.22601    98.49841    98.76639    98.86855    98.99334   101.07162   101.51207
     0.02764505    94.58958    96.61590    97.11277    97.48920    97.99898    98.22064    98.50521    98.76303    98.86710    98.99141   101.07076   101.51125
     0.02902731    94.58848    96.58594    97.12561    97.48594    97.99359    98.21500    98.51227    98.75960    98.86557    98.98943   101.06989   101.51042
     0.03040956    94.58740    96.55422    97.13873    97.48287    97.98812    98.20911    98.51956    98.75609    98.86396    98.98741   101.06901   101.50957
     0.03179181    94.58633    96.52079    97.15208    97.48000    97.98258    98.20298    98.52707    98.75254    98.86227    98.98536   101.06811   101.50871
     0.03317407    94.58529    96.48564    97.16559    97.47733    97.97700    98.19664    98.53476    98.74896    98.86049    98.98327   101.06721   101.50784
     0.03455632    94.58427    96.44880    97.17922    97.47487    97.97140    98.19010    98.54262    98.74535    98.85862    98.98117   101.06630   101.50697
     0.03593857    94.58328    96.41031    97.19291    97.47262    97.96582    98.18338    98.55064    98.74173    98.85665    98.97906   101.06540   101.50610
     0.03732082    94.58233    96.37019    97.20661    97.47058    97.96027    98.17650    98.55877    98.73812    98.85457    98.97694   101.06449   101.50524
     0.03870308    94.58142    96.32848    97.22026    97.46875    97.95479    98.16949    98.56702    98.73454    98.85238    98.97483   101.06360   101.50438
     0.04008533    94.58056    96.28521    97.23381    97.46713    97.94940    98.16236    98.57534    98.73099    98.85006    98.97274   101.06271   101.50354
     0.04146758    94.57975    96.24044    97.24720    97.46570    97.94414    98.15514    98.58373    98.72750    98.84762    98.97068   101.06184   101.50270
     0.04284983    94.57900    96.19420    97.26039    97.46446    97.93903    98.14786    98.59216    98.72408    98.84504    98.96865   101.06098   101.50189
     0.04423209    94.57833    96.14655    97.27332    97.46339    97.93410    98.14055    98.60061    98.72074    98.84231    98.96667   101.06015   101.50109
     0.04561434    94.57774    96.09755    97.28594    97.46250    97.92937    98.13323    98.60906    98.71750    98.83942    98.96474   101.05934   101.50032
     0.04699659    94.57725    96.04724    97.29819    97.46176    97.92488    98.12595    98.61749    98.71438    98.83637    98.96288   101.05855   101.49958
     0.04837885    94.57690    95.99569    97.31002    97.46116    97.92064    98.11872    98.62586    98.71139    98.83316    98.96110   101.05780   101.49886
     0.04976110    94.57673    95.94298    97.32138    97.46069    97.91667    98.11160    98.63416    98.70856    98.82977    98.95940   101.05708   101.49818
     0.05114335    94.57682    95.88917    97.33222    97.46034    97.91301    98.10462    98.64234    98.70591    98.82620    98.95779   101.05639   101.49753
     0.05252560    94.57734    95.83434    97.34249    97.46009    97.90965    98.09782    98.65037    98.70347    98.82247    98.95628   101.05575   101.49692
     0.05390786    94.57863    95.77859    97.35214    97.45993    97.90662    98.09126    98.65819    98.70129    98.81857    98.95488   101.05515   101.49635
     0.05529011    94.58161    95.72201    97.36113    97.45984    97.90391    98.08498    98.66570    98.69945    98.81451    98.95359   101.05459   101.49582
     0.05667236    94.58922    95.66472    97.36940    97.45981    97.90154    98.07904    98.67270    98.69811    98.81031    98.95241   101.05407   101.49534
     0.05805461    94.61057    95.60688    97.37692    97.45983    97.89949    98.07350    98.67877    98.69767    98.80600    98.95135   101.05361   101.49490
     0.05943687    94.65316    95.54866    97.38366    97.45987    97.89775    98.06842    98.68310    98.69890    98.80162    98.95041   101.05319   101.49451
     0.06081912    94.70672    95.49034    97.38957    97.45994    97.89631    98.06385    98.68512    98.70230    98.79722    98.94959   101.05283   101.49416
     0.06220137    94.76339    95.43229    97.39462    97.46002    97.89514    98.05986    98.68554    98.70707    98.79289    98.94890   101.05252   101.49387
     0.06358363    94.82023    95.37520    97.39879    97.46009    97.89424    98.05649    98.68533    98.71211    98.78877    98.94834   101.05226   101.49363
     0.06496588    94.87525    95.32029    97.40206    97.46016    97.89356    98.05382    98.68497    98.71676    98.78505    98.94790   101.05206   101.49344
     0.06634813    94.92549    95.27026    97.40441    97.46021    97.89310    98.05187    98.68463    98.72055    98.78200    98.94758   101.05192   101.49331
     0.06773038    94.96464    95.23128    97.40582    97.46025    97.89283    98.05069    98.68440    98.72305    98.77996    98.94739   101.05183   101.49323
     0.06911264    94.98059    95.21539    97.40630    97.46026    97.89274    98.05030    98.68432    98.72394    98.77923    98.94733   101.05181   101.49320
     0.06911264    94.98059    95.21539    97.40630    97.46026    97.89274    98.05030    98.68432    98.72394    98.77923    98.94733   101.05181   101.49320
     0.07133214    94.96594    95.23203    97.40536    97.45991    97.89282    98.05117    98.68425    98.72296    98.78013    98.94761   101.05184   101.49335
     0.07355165    94.93055    95.27342    97.40249    97.45896    97.89306    98.05375    98.68400    98.72026    98.78265    98.94842   101.05192   101.49378
     0.07577115    94.88649    95.32756    97.39756    97.45760    97.89347    98.05796    98.68341    98.71641    98.78635    98.94977   101.05207   101.49449
     0.07799066    94.84021    95.38815    97.39042    97.45606    97.89405    98.06367    98.68218    98.71215    98.79082    98.95162   101.05228   101.49548
     0.08021016    94.79496    95.45233    97.38100    97.45451    97.89481    98.07072    98.67982    98.70832    98.79573    98.95394   101.05255   101.49672
     0.08242967    94.75298    95.51865    97.36934    97.45304    97.89575    98.07893    98.67583    98.70566    98.80087    98.95669   101.05287   101.49820
     0.08464917    94.71663    95.58620    97.35559    97.45161    97.89689    98.08810    98.67004    98.70448    98.80610    98.95981   101.05326   101.49989
     0.08686868    94.68863    95.65437    97.33994    97.45014    97.89824    98.09805    98.66275    98.70460    98.81133    98.96327   101.05370   101.50178
     0.08908818    94.67073    95.72263    97.32261    97.44852    97.89979    98.10860    98.65436    98.70569    98.81650    98.96700   101.05420   101.50384
     0.09130769    94.66200    95.79052    97.30383    97.44662    97.90157    98.11959    98.64517    98.70751    98.82157    98.97095   101.05475   101.50604
     0.09352719    94.65970    95.85763    97.28379    97.44429    97.90357    98.13086    98.63537    98.70988    98.82651    98.97507   101.05536   101.50834
     0.09574670    94.66142    95.92354    97.26271    97.44140    97.90581    98.14231    98.62510    98.71272    98.83132    98.97931   101.05602   101.51073
     0.09796620    94.66564    95.98785    97.24078    97.43782    97.90830    98.15382    98.61445    98.71592    98.83599    98.98362   101.05673   101.51316
     0.10018571    94.67146    96.05016    97.21820    97.43341    97.91103    98.16532    98.60348    98.71944    98.84052    98.98794   101.05747   101.51561
     0.10240521    94.67835    96.11007    97.19518    97.42806    97.91401    98.17675    98.59225    98.72319    98.84492    98.99224   101.05826   101.51804
     0.10462471    94.68596    96.16716    97.17195    97.42164    97.91725    98.18805    98.58082    98.72711    98.84921    98.99647   101.05907   101.52044
     0.10684422    94.69407    96.22101    97.14876    97.41404    97.92072    98.19921    98.56925    98.73113    98.85340    99.00060   101.05991   101.52276
     0.10906372    94.70247    96.27118    97.12590    97.40517    97.92442    98.21020    98.55757    98.73515    98.85753    99.00459   101.06076   101.52499
     0.11128323    94.71104    96.31719    97.10371    97.39494    97.92833    98.22103    98.54586    98.73911    98.86163    99.00843   101.06163   101.52710
     0.11350273    94.71963    96.35854    97.08257    97.38329    97.93240    98.23169    98.53417    98.74291    98.86571    99.01207   101.06250   101.52907
     0.11572224    94.72814    96.39472    97.06294    97.37017    97.93662    98.24220    98.52256    98.74647    98.86982    99.01551   101.06336   101.53088
     0.11794174    94.73647    96.42519    97.04528    97.35558    97.94092    98.25257    98.51108    98.74974    98.87396    99.01873   101.06421   101.53251
     0.12016125    94.74451    96.44945    97.03007    97.33953    97.94524    98.26282    98.49980    98.75263    98.87817    99.02173   101.06505   101.53396
     0.12238075    94.75219    96.46710    97.01770    97.32206    97.94954    98.27295    98.48879    98.75511    98.88242    99.02449   101.06586   101.53520
     0.12460026    94.75942    96.47791    97.00840    97.30327    97.95375    98.28299    98.47810    98.75714    98.88673    99.02703   101.06664   101.53625
     0.12681976    94.76613    96.48195    97.00212    97.28332    97.95779    98.29292    98.46779    98.75871    98.89105    99.02935   101.06739   101.53709
     0.12903927    94.77226    96.47958    96.99847    97.26243    97.96161    98.30276    98.45792    98.75983    98.89536    99.03146   101.06810   101.53772
     0.13125877    94.77775    96.47144    96.99677    97.24093    97.96515    98.31249    98.44854    98.76051    98.89960    99.03338   101.06877   101.53814
     0.13347828    94.78255    96.45836    96.99603    97.21931    97.96837    98.32210    98.43970    98.76078    98.90372    99.03513   101.06940   101.53837
     0.13569778    94.78660    96.44123    96.99503    97.19826    97.97124    98.33153    98.43145    98.76068    98.90765    99.03673   101.06999   101.53841
     0.13791729    94.78988    96.42093    96.99240    97.17869    97.97373    98.34075    98.42385    98.76026    98.91133    99.03822   101.07054   101.53827
     0.14013679    94.79236    96.39827    96.98664    97.16174    97.97586    98.34963    98.41700    98.75957    98.91469    99.03960   101.07104   101.53797
     0.14235630    94.79402    96.37398    96.97647    97.14846    97.97763    98.35798    98.41105    98.75867    98.91767    99.04092   101.07150   101.53752
     0.14457580    94.79484    96.34871    96.96128    97.13934    97.97909    98.36540    98.40637    98.75761    98.92020    99.04220   101.07193   101.53694
     0.14679531    94.79483    96.32301    96.94133    97.13408    97.98031    98.37110    98.40370    98.75644    98.92225    99.04346   101.07233   101.53624
     0.14901481    94.79397    96.29741    96.91756    97.13180    97.98134    98.37391    98.40414    98.75521    98.92377    99.04472   101.07269   101.53546
     0.15123432    94.79229    96.27238    96.89105    97.13154    97.98229    98.37359    98.40789    98.75398    98.92472    99.04598   101.07303   101.53460
     0.15345382    94.78978    96.24836    96.86276    97.13248    97.98324    98.37126    98.41372    98.75280    98.92509    99.04726   101.07335   101.53368
     0.15567333    94.78648    96.22575    96.83345    97.13403    97.98430    98.36805    98.42045    98.75170    98.92486    99.04855   101.07365   101.53274
     0.15789283    94.78241    96.20495    96.80375    97.13578    97.98556    98.36450    98.42748    98.75074    98.92403    99.04984   101.07393   101.53178
     0.16011234    94.77759    96.18631    96.77415    97.13748    97.98714    98.36084    98.43450    98.74995    98.92261    99.05112   101.07421   101.53082
     0.16233184    94.77208    96.17015    96.74508    97.13891    97.98913    98.35717    98.44135    98.74938    98.92060    99.05238   101.07447   101.52989
     0.16455135    94.76592    96.15675    96.71690    97.13997    97.99159    98.35351    98.44795    98.74906    98.91802    99.05359   101.07473   101.52899
     0.16677085    94.75918    96.14632    96.68998    97.14057    97.99462    98.34987    98.45422    98.74903    98.91489    99.05474   101.07498   101.52815
     0.16899036    94.75194    96.13899    96.66466    97.14064    97.99824    98.34626    98.46013    98.74932    98.91122    99.05581   101.07523   101.52737
     0.17120986    94.74430    96.13482    96.64125    97.14017    98.00250    98.34268    98.46562    98.74996    98.90705    99.05678   101.07548   101.52666
     0.17342937    94.73638    96.13376    96.62010    97.13914    98.00739    98.33912    98.47067    98.75098    98.90238    99.05764   101.07573   101.52603
     0.17564887    94.72833    96.13561    96.60155    97.13758    98.01289    98.33560    98.47526    98.75240    98.89724    99.05837   101.07598   101.52549
     0.17786838    94.72032    96.14008    96.58595    97.13553    98.01895    98.33213    98.47935    98.75423    98.89167    99.05896   101.07622   101.52504
     0.18008788    94.71252    96.14676    96.57365    97.13303    98.02548    98.32872    98.48293    98.75648    98.88569    99.05941   101.07646   101.52469
     0.18008788    94.71252    96.14676    96.57365    97.13303    98.02548    98.32872    98.48293    98.75648    98.88569    99.05941   101.07646   101.52469
     0.18147013    94.71818    96.14366    96.58131    97.13598    98.02031    98.32915    98.47502    98.75800    98.89099    99.05951   101.07637   101.52475
     0.18285239    94.72606    96.14217    96.58994    97.13798    98.01597    98.32891    98.46715    98.75976    98.89612    99.05941   101.07630   101.52489
     0.18423464    94.73611    96.14231    96.59949    97.13901    98.01249    98.32800    98.45935    98.76173    98.90106    99.05913   101.07624   101.52509
     0.18561689    94.74826    96.14408    96.60996    97.13904    98.00988    98.32640    98.45166    98.76390    98.90581    99.05867   101.07619   101.52535
     0.18699914    94.76245    96.14745    96.62130    97.13806    98.00816    98.32411    98.44409    98.76624    98.91036    99.05805   101.07616   101.52569
     0.18838140    94.77858    96.15243    96.63348    97.13606    98.00732    98.32112    98.43667    98.76874    98.91471    99.05726   101.07614   101.52608
     0.18976365    94.79655    96.15899    96.64646    97.13305    98.00735    98.31743    98.42942    98.77139    98.91886    99.05633   101.07613   101.52655
     0.19114590    94.81627    96.16710    96.66020    97.12906    98.00823    98.31307    98.42234    98.77416    98.92280    99.05527   101.07613   101.52707
     0.19252816    94.83762    96.17675    96.67464    97.12410    98.00990    98.30805    98.41544    98.77702    98.92652    99.05408   101.07614   101.52766
     0.19391041    94.86051    96.18788    96.68972    97.11822    98.01231    98.30242    98.40869    98.77997    98.93003    99.05278   101.07617   101.52831
     0.19529266    94.88482    96.20046    96.70537    97.11150    98.01541    98.29623    98.40210    98.78298    98.93333    99.05138   101.07620   101.52902
     0.19667491    94.91044    96.21446    96.72149    97.10401    98.01909    98.28954    98.39564    98.78603    98.93641    99.04990   101.07624   101.52979
     0.19805717    94.93727    96.22980    96.73798    97.09585    98.02326    98.28242    98.38929    98.78910    98.93927    99.04835   101.07629   101.53062
     0.19943942    94.96520    96.24645    96.75469    97.08718    98.02781    98.27496    98.38305    98.79217    98.94190    99.04674   101.07635   101.53150
     0.20082167    94.99414    96.26434    96.77144    97.07816    98.03258    98.26725    98.37691    98.79521    98.94433    99.04509   101.07642   101.53243
     0.20220392    95.02398    96.28340    96.78799    97.06906    98.03741    98.25940    98.37089    98.79820    98.94653    99.04342   101.07649   101.53342
     0.20358618    95.05464    96.30357    96.80400    97.06021    98.04211    98.25151    98.36501    98.80111    98.94851    99.04173   101.07656   101.53445
     0.20496843    95.08603    96.32475    96.81902    97.05206    98.04645    98.24371    98.35934    98.80393    98.95027    99.04005   101.07664   101.53552
     0.20635068    95.11806    96.34685    96.83244    97.04525    98.05019    98.23610    98.35396    98.80662    98.95183    99.03839   101.07672   101.53664
     0.20773294    95.15065    96.36978    96.84349    97.04056    98.05306    98.22878    98.34900    98.80916    98.95318    99.03675   101.07680   101.53779
     0.20911519    95.18373    96.39341    96.85132    97.03888    98.05479    98.22182    98.34462    98.81151    98.95433    99.03514   101.07688   101.53898
     0.21049744    95.21723    96.41759    96.85524    97.04095    98.05514    98.21523    98.34102    98.81364    98.95529    99.03358   101.07697   101.54019
     0.21187969    95.25107    96.44213    96.85503    97.04707    98.05393    98.20893    98.33846    98.81554    98.95609    99.03206   101.07705   101.54142
     0.21326195    95.28520    96.46679    96.85111    97.05694    98.05105    98.20277    98.33715    98.81716    98.95672    99.03059   101.07714   101.54268
     0.21464420    95.31955    96.49126    96.84436    97.06990    98.04651    98.19650    98.33734    98.81847    98.95721    99.02917   101.07722   101.54395
     0.21602645    95.35406    96.51507    96.83591    97.08513    98.04041    98.18989    98.33916    98.81945    98.95758    99.02779   101.07730   101.54522
     0.21740870    95.38867    96.53757    96.82700    97.10192    98.03290    98.18273    98.34269    98.82006    98.95785    99.02645   101.07738   101.54650
     0.21879096    95.42334    96.55782    96.81901    97.11968    98.02417    98.17490    98.34788    98.82029    98.95803    99.02513   101.07745   101.54778
     0.22017321    95.45801    96.57452    96.81355    97.13795    98.01441    98.16635    98.35463    98.82011    98.95815    99.02383   101.07752   101.54905
     0.22155546    95.49263    96.58614    96.81235    97.15636    98.00379    98.15714    98.36276    98.81951    98.95822    99.02252   101.07760   101.55030
     0.22293772    95.52715    96.59131    96.81691    97.17460    97.99247    98.14737    98.37208    98.81846    98.95825    99.02120   101.07767   101.55153
     0.22431997    95.56152    96.58955    96.82780    97.19242    97.98056    98.13721    98.38240    98.81697    98.95825    99.01986   101.07773   101.55274
     0.22570222    95.59569    96.58148    96.84444    97.20956    97.96814    98.12684    98.39354    98.81503    98.95822    99.01847   101.07780   101.55391
     0.22708447    95.62961    96.56836    96.86560    97.22580    97.95528    98.11648    98.40535    98.81264    98.95816    99.01703   101.07786   101.55505
     0.22846673    95.66323    96.55147    96.89002    97.24093    97.94199    98.10638    98.41767    98.80982    98.95806    99.01551   101.07792   101.55614
     0.22984898    95.69648    96.53181    96.91668    97.25474    97.92826    98.09679    98.43039    98.80658    98.95792    99.01392   101.07799   101.55719
     0.23123123    95.72932    96.51014    96.94482    97.26704    97.91406    98.08801    98.44339    98.80294    98.95772    99.01223   101.07805   101.55818
     0.23261348    95.76165    96.48697    96.97392    97.27767    97.89932    98.08033    98.45658    98.79893    98.95744    99.01043   101.07811   101.55911
     0.23399574    95.79339    96.46271    97.00356    97.28646    97.88398    98.07403    98.46985    98.79458    98.95708    99.00853   101.07817   101.55998
     0.23537799    95.82445    96.43767    97.03342    97.29334    97.86798    98.06936    98.48313    98.78992    98.95661    99.00650   101.07824   101.56077
     0.23676024    95.85466    96.41212    97.06319    97.29825    97.85129    98.06655    98.49632    98.78501    98.95601    99.00435   101.07830   101.56150
     0.23814250    95.88385    96.38637    97.09255    97.30125    97.83391    98.06573    98.50933    98.77989    98.95527    99.00207   101.07837   101.56215
     0.23952475    95.91174    96.36076    97.12112    97.30249    97.81587    98.06698    98.52206    98.77464    98.95437    98.99965   101.07844   101.56272
     0.24090700    95.93793    96.33574    97.14835    97.30236    97.79728    98.07032    98.53441    98.76934    98.95329    98.99711   101.07851   101.56320
     0.24228925    95.96183    96.31194    97.17335    97.30158    97.77829    98.07567    98.54624    98.76408    98.95202    98.99443   101.07858   101.56360
     0.24367151    95.98254    96.29030    97.19458    97.30153    97.75912    98.08293    98.55740    98.75901    98.95054    98.99163   101.07866   101.56392
     0.24505376    95.99876    96.27214    97.20964    97.30444    97.74006    98.09197    98.56770    98.75428    98.94884    98.98871   101.07873   101.56414
     0.24643601    96.00880    96.25918    97.21621    97.31236    97.72154    98.10261    98.57693    98.75009    98.94691    98.98568   101.07882   101.56427
     0.24781826    96.01101    96.25308    97.21439    97.32480    97.70409    98.11467    98.58481    98.74669    98.94474    98.98256   101.07890   101.56432
     0.24920052    96.00466    96.25458    97.20644    97.33895    97.68845    98.12797    98.59106    98.74434    98.94231    98.97936   101.07899   101.56427
     0.24920052    96.00466    96.25458    97.20644    97.33895    97.68845    98.12797    98.59106    98.74434    98.94231    98.97936   101.07899   101.56427
     0.25083285    96.01097    96.25116    97.21271    97.32580    97.70525    98.11502    98.58420    98.74736    98.94406    98.98325   101.07923   101.56498
     0.25246519    96.00962    96.25437    97.21396    97.31171    97.72483    98.10378    98.57533    98.75170    98.94529    98.98722   101.07947   101.56557
     0.25409752    96.00096    96.26377    97.20879    97.29915    97.74602    98.09449    98.56488    98.75700    98.94608    98.99114   101.07969   101.56605
     0.25572986    95.98624    96.27798    97.19668    97.28940    97.76793    98.08736    98.55325    98.76290    98.94650    98.99492   101.07991   101.56640
     0.25736219    95.96690    96.29542    97.17896    97.28179    97.78994    98.08255    98.54074    98.76914    98.94662    98.99851   101.08012   101.56663
     0.25899453    95.94412    96.31471    97.15781    97.27470    97.81159    98.08015    98.52765    98.77550    98.94649    99.00186   101.08031   101.56673
     0.26062686    95.91872    96.33480    97.13511    97.26679    97.83259    98.08020    98.51420    98.78179    98.94616    99.00493   101.08050   101.56670
     0.26225920    95.89125    96.35488    97.11216    97.25727    97.85274    98.08263    98.50058    98.78786    98.94567    99.00770   101.08068   101.56655
     0.26389153    95.86203    96.37431    97.08991    97.24579    97.87192    98.08728    98.48698    98.79361    98.94508    99.01017   101.08085   101.56628
     0.26552387    95.83127    96.39255    97.06908    97.23226    97.89009    98.09394    98.47357    98.79890    98.94443    99.01233   101.08101   101.56588
     0.26715620    95.79908    96.40915    97.05025    97.21674    97.90723    98.10232    98.46051    98.80365    98.94379    99.01417   101.08115   101.56536
     0.26878854    95.76552    96.42369    97.03390    97.19939    97.92332    98.11214    98.44797    98.80775    98.94321    99.01572   101.08129   101.56474
     0.27042087    95.73063    96.43586    97.02038    97.18046    97.93837    98.12309    98.43611    98.81111    98.94276    99.01696   101.08142   101.56400
     0.27205321    95.69439    96.44544    97.00986    97.16030    97.95232    98.13491    98.42510    98.81365    98.94249    99.01794   101.08153   101.56315
     0.27368554    95.65682    96.45234    97.00228    97.13935    97.96512    98.14738    98.41510    98.81528    98.94245    99.01866   101.08163   101.56221
     0.27531788    95.61791    96.45662    96.99721    97.11823    97.97668    98.16032    98.40627    98.81596    98.94267    99.01915   101.08172   101.56117
     0.27695021    95.57765    96.45849    96.99363    97.09800    97.98692    98.17362    98.39875    98.81566    98.94313    99.01946   101.08180   101.56005
     0.27858255    95.53605    96.45829    96.98958    97.08048    97.99574    98.18719    98.39265    98.81435    98.94381    99.01963   101.08187   101.55886
     0.28021488    95.49314    96.45644    96.98209    97.06839    98.00311    98.20096    98.38805    98.81207    98.94466    99.01971   101.08192   101.55759
     0.28184722    95.44894    96.45342    96.96872    97.06383    98.00903    98.21490    98.38497    98.80884    98.94557    99.01977   101.08195   101.55626
     0.28347955    95.40351    96.44967    96.94985    97.06605    98.01359    98.22896    98.38342    98.80472    98.94644    99.01986   101.08197   101.55488
     0.28511189    95.35692    96.44561    96.92750    97.07268    98.01693    98.24308    98.38333    98.79976    98.94716    99.02008   101.08198   101.55346
     0.28674422    95.30923    96.44161    96.90329    97.08176    98.01927    98.25718    98.38462    98.79402    98.94760    99.02048   101.08196   101.55200
     0.28837656    95.26055    96.43797    96.87816    97.09201    98.02089    98.27116    98.38721    98.78757    98.94764    99.02114   101.08194   101.55052
     0.29000889    95.21098    96.43492    96.85268    97.10260    98.02208    98.28489    98.39100    98.78046    98.94720    99.02211   101.08189   101.54901
     0.29164123    95.16064    96.43266    96.82720    97.11295    98.02315    98.29820    98.39592    98.77274    98.94621    99.02342   101.08183   101.54750
     0.29327356    95.10966    96.43131    96.80196    97.12261    98.02440    98.31094    98.40194    98.76446    98.94464    99.02507   101.08175   101.54598
     0.29490590    95.05817    96.43097    96.77714    97.13125    98.02612    98.32292    98.40902    98.75567    98.94249    99.02704   101.08165   101.54448
     0.29653823    95.00633    96.43167    96.75289    97.13860    98.02854    98.33398    98.41714    98.74642    98.93976    99.02929   101.08154   101.54299
     0.29817057    94.95428    96.43343    96.72933    97.14446    98.03187    98.34401    98.42625    98.73673    98.93652    99.03177   101.08141   101.54152
     0.29980290    94.90220    96.43624    96.70657    97.14869    98.03627    98.35295    98.43626    98.72667    98.93279    99.03443   101.08127   101.54008
     0.30143524    94.85024    96.44005    96.68472    97.15123    98.04184    98.36080    98.44702    98.71626    98.92863    99.03721   101.08112   101.53868
     0.30306757    94.79860    96.44479    96.66389    97.15203    98.04863    98.36765    98.45835    98.70556    98.92411    99.04006   101.08096   101.53732
     0.30469991    94.74745    96.45034    96.64419    97.15114    98.05666    98.37356    98.47004    98.69463    98.91926    99.04293   101.08078   101.53601
     0.30633224    94.69699    96.45655    96.62573    97.14862    98.06588    98.37862    98.48191    98.68353    98.91414    99.04579   101.08060   101.53476
     0.30796458    94.64745    96.46322    96.60869    97.14458    98.07622    98.38290    98.49378    98.67234    98.90880    99.04859   101.08042   101.53356
     0.30959691    94.59906    96.47006    96.59328    97.13920    98.08756    98.38646    98.50546    98.66114    98.90331    99.05130   101.08023   101.53243
     0.31122925    94.55205    96.47665    96.57984    97.13264    98.09976    98.38932    98.51680    98.65008    98.89771    99.05390   101.08004   101.53137
     0.31286158    94.50671    96.48234    96.56889    97.12511    98.11266    98.39151    98.52762    98.63930    98.89207    99.05637   101.07985   101.53038
     0.31449392    94.46333    96.48629    96.56115    97.11687    98.12607    98.39301    98.53768    98.62904    98.88645    99.05868   101.07967   101.52947
     0.31612625    94.42224    96.48765    96.55733    97.10814    98.13977    98.39384    98.54670    98.61963    98.88093    99.06081   101.07950   101.52864
     0.31775859    94.38381    96.48618    96.55746    97.09921    98.15355    98.39398    98.55418    98.61160    98.87558    99.06276   101.07934   101.52788
     0.31939092    94.34841    96.48262    96.56062    97.09035    98.16712    98.39345    98.55938    98.60576    98.87049    99.06450   101.07919   101.52721
     0.32102326    94.31646    96.47806    96.56553    97.08184    98.18021    98.39230    98.56149    98.60299    98.86577    99.06604   101.07905   101.52663
     0.32265559    94.28840    96.47335    96.57107    97.07399    98.19245    98.39061    98.56055    98.60330    98.86151    99.06735   101.07893   101.52613
     0.32428793    94.26467    96.46906    96.57646    97.06708    98.20347    98.38855    98.55782    98.60549    98.85782    99.06843   101.07883   101.52573
     0.32592026    94.24569    96.46550    96.58116    97.06137    98.21281    98.38638    98.55468    98.60820    98.85481    99.06928   101.07875   101.52541
     0.32755260    94.23183    96.46287    96.58479    97.05710    98.21998    98.38444    98.55202    98.61056    98.85258    99.06988   101.07869   101.52518
     0.32918493    94.22338    96.46125    96.58706    97.05446    98.22452    98.38308    98.55029    98.61213    98.85121    99.07025   101.07866   101.52504
     0.33081727    94.22055    96.46070    96.58784    97.05357    98.22608    98.38259    98.54969    98.61267    98.85075    99.07037   101.07865   101.52500
     0.33081727    94.22055    96.46070    96.58784    97.05357    98.22608    98.38259    98.54969    98.61267    98.85075    99.07037   101.07865   101.52500
     0.33219952    94.22232    96.46109    96.58782    97.05397    98.22522    98.38295    98.54999    98.61243    98.85095    99.07023   101.07867   101.52504
     0.33358177    94.22763    96.46224    96.58778    97.05518    98.22269    98.38400    98.55086    98.61171    98.85155    99.06982   101.07872   101.52519
     0.33496403    94.23640    96.46414    96.58771    97.05719    98.21857    98.38566    98.55226    98.61058    98.85254    99.06912   101.07881   101.52542
     0.33634628    94.24850    96.46677    96.58764    97.05999    98.21302    98.38781    98.55407    98.60913    98.85390    99.06815   101.07894   101.52575
     0.33772853    94.26378    96.47011    96.58758    97.06355    98.20619    98.39032    98.55609    98.60755    98.85562    99.06691   101.07910   101.52617
     0.33911078    94.28207    96.47410    96.58759    97.06786    98.19825    98.39307    98.55804    98.60610    98.85766    99.06539   101.07929   101.52668
     0.34049304    94.30316    96.47869    96.58771    97.07288    98.18934    98.39596    98.55951    98.60517    98.86001    99.06361   101.07952   101.52728
     0.34187529    94.32685    96.48379    96.58800    97.07860    98.17961    98.39890    98.55999    98.60527    98.86264    99.06156   101.07977   101.52797
     0.34325754    94.35292    96.48928    96.58859    97.08498    98.16919    98.40183    98.55903    98.60678    98.86550    99.05925   101.08005   101.52875
     0.34463979    94.38118    96.49501    96.58959    97.09197    98.15816    98.40470    98.55647    98.60986    98.86858    99.05669   101.08036   101.52961
     0.34602205    94.41143    96.50075    96.59121    97.09955    98.14662    98.40748    98.55245    98.61436    98.87184    99.05388   101.08069   101.53056
     0.34740430    94.44348    96.50626    96.59369    97.10768    98.13465    98.41015    98.54723    98.61998    98.87525    99.05083   101.08104   101.53159
     0.34878655    94.47716    96.51121    96.59729    97.11631    98.12231    98.41267    98.54109    98.62645    98.87878    99.04756   101.08140   101.53270
     0.35016881    94.51230    96.51530    96.60229    97.12540    98.10965    98.41502    98.53426    98.63354    98.88238    99.04406   101.08178   101.53388
     0.35155106    94.54875    96.51828    96.60890    97.13492    98.09672    98.41714    98.52693    98.64110    98.88603    99.04037   101.08217   101.53514
     0.35293331    94.58639    96.52001    96.61722    97.14481    98.08358    98.41896    98.51930    98.64899    98.88969    99.03649   101.08257   101.53646
     0.35431556    94.62507    96.52049    96.62719    97.15504    98.07025    98.42035    98.51158    98.65713    98.89333    99.03245   101.08298   101.53785
     0.35569782    94.66468    96.51978    96.63868    97.16556    98.05679    98.42111    98.50403    98.66544    98.89689    99.02829   101.08338   101.53930
     0.35708007    94.70511    96.51800    96.65154    97.17634    98.04321    98.42096    98.49702    98.67386    98.90032    99.02403   101.08379   101.54081
     0.35846232    94.74627    96.51524    96.66558    97.18733    98.02955    98.41952    98.49095    98.68232    98.90358    99.01972   101.08419   101.54236
     0.35984457    94.78804    96.51159    96.68067    97.19849    98.01584    98.41638    98.48630    98.69080    98.90658    99.01542   101.08459   101.54396
     0.36122683    94.83035    96.50709    96.69666    97.20979    98.00212    98.41128    98.48338    98.69925    98.90926    99.01121   101.08499   101.54561
     0.36260908    94.87312    96.50178    96.71344    97.22120    97.98840    98.40419    98.48224    98.70764    98.91150    99.00716   101.08537   101.54728
     0.36399133    94.91625    96.49568    96.73091    97.23267    97.97472    98.39537    98.48269    98.71592    98.91320    99.00340   101.08574   101.54899
     0.36537359    94.95968    96.48878    96.74899    97.24417    97.96110    98.38515    98.48443    98.72408    98.91423    99.00003   101.08609   101.55071
     0.36675584    95.00333    96.48108    96.76758    97.25568    97.94757    98.37385    98.48718    98.73209    98.91447    98.99719   101.08644   101.55245
     0.36813809    95.04714    96.47255    96.78661    97.26716    97.93415    98.36172    98.49072    98.73991    98.91380    98.99499   101.08676   101.55420
     0.36952034    95.09104    96.46317    96.80598    97.27858    97.92088    98.34896    98.49491    98.74752    98.91216    98.99348   101.08707   101.55595
     0.37090260    95.13497    96.45292    96.82563    97.28992    97.90776    98.33572    98.49962    98.75490    98.90953    98.99270   101.08736   101.55769
     0.37228485    95.17885    96.44178    96.84547    97.30115    97.89484    98.32212    98.50480    98.76201    98.90596    98.99260   101.08764   101.55942
     0.37366710    95.22264    96.42971    96.86541    97.31225    97.88214    98.30825    98.51039    98.76884    98.90155    98.99309   101.08789   101.56112
     0.37504935    95.26626    96.41670    96.88537    97.32318    97.86967    98.29421    98.51633    98.77534    98.89643    98.99407   101.08813   101.56280
     0.37643161    95.30967    96.40272    96.90524    97.33393    97.85748    98.28007    98.52259    98.78148    98.89075    98.99542   101.08834   101.56443
     0.37781386    95.35280    96.38776    96.92494    97.34446    97.84558    98.26593    98.52915    98.78722    98.88465    98.99703   101.08854   101.56603
     0.37919611    95.39558    96.37179    96.94435    97.35475    97.83402    98.25186    98.53596    98.79248    98.87828    98.99882   101.08872   101.56757
     0.38057837    95.43797    96.35482    96.96338    97.36476    97.82281    98.23795    98.54298    98.79719    98.87181    99.00071   101.08889   101.56905
     0.38196062    95.47989    96.33684    96.98190    97.37446    97.81201    98.22430    98.55019    98.80122    98.86544    99.00264   101.08903   101.57046
     0.38334287    95.52128    96.31785    96.99981    97.38382    97.80164    98.21101    98.55752    98.80437    98.85944    99.00457   101.08916   101.57180
     0.38472512    95.56206    96.29788    97.01697    97.39279    97.79176    98.19816    98.56494    98.80635    98.85414    99.00644   101.08928   101.57306
     0.38610738    95.60216    96.27694    97.03325    97.40131    97.78240    98.18589    98.57238    98.80684    98.84997    99.00823   101.08938   101.57423
     0.38748963    95.64148    96.25510    97.04854    97.40935    97.77363    98.17428    98.57977    98.80559    98.84724    99.00991   101.08947   101.57531
     0.38887188    95.67990    96.23242    97.06269    97.41682    97.76551    98.16347    98.58702    98.80267    98.84598    99.01146   101.08955   101.57630
     0.39025413    95.71728    96.20902    97.07557    97.42368    97.75809    98.15356    98.59402    98.79852    98.84583    99.01287   101.08961   101.57717
     0.39163639    95.75340    96.18507    97.08705    97.42984    97.75146    98.14468    98.60065    98.79371    98.84636    99.01411   101.08967   101.57795
     0.39301864    95.78795    96.16087    97.09701    97.43523    97.74567    98.13693    98.60676    98.78877    98.84719    99.01518   101.08971   101.57860
     0.39440089    95.82042    96.13689    97.10534    97.43977    97.74081    98.13043    98.61216    98.78411    98.84809    99.01607   101.08975   101.57915
     0.39578315    95.84993    96.11402    97.11193    97.44340    97.73694    98.12527    98.61668    98.78007    98.84890    99.01677   101.08977   101.57957
     0.39716540    95.87487    96.09382    97.11670    97.44604    97.73413    98.12152    98.62009    98.77694    98.84953    99.01727   101.08979   101.57988
     0.39854765    95.89246    96.07908    97.11959    97.44764    97.73242    98.11924    98.62223    98.77496    98.84993    99.01758   101.08980   101.58007
     0.39992990    95.89900    96.07350    97.12056    97.44818    97.73185    98.11848    98.62295    98.77428    98.85007    99.01768   101.08981   101.58013
     0.39992990    95.89900    96.07350    97.12056    97.44818    97.73185    98.11848    98.62295    98.77428    98.85007    99.01768   101.08981   101.58013
     0.40197253    95.89132    96.07810    97.12016    97.44772    97.73253    98.11929    98.62223    98.77495    98.84984    99.01753   101.08974   101.58001
     0.40401515    95.87021    96.09003    97.11898    97.44635    97.73452    98.12170    98.62013    98.77690    98.84917    99.01711   101.08953   101.57964
     0.40605777    95.83917    96.10587    97.11709    97.44414    97.73774    98.12561    98.61683    98.77993    98.84808    99.01642   101.08918   101.57904
     0.40810039    95.80080    96.12318    97.11459    97.44118    97.74208    98.13092    98.61257    98.78375    98.84662    99.01549   101.08871   101.57821
     0.41014302    95.75659    96.14070    97.11163    97.43759    97.74739    98.13744    98.60766    98.78802    98.84487    99.01437   101.08811   101.57715
     0.41218564    95.70738    96.15786    97.10834    97.43344    97.75353    98.14499    98.60235    98.79235    98.84296    99.01310   101.08739   101.57588
     0.41422826    95.65372    96.17449    97.10490    97.42882    97.76039    98.15334    98.59690    98.79632    98.84112    99.01173   101.08657   101.57441
     0.41627088    95.59604    96.19056    97.10146    97.42380    97.76786    98.16226    98.59152    98.79941    98.83967    99.01033   101.08567   101.57276
     0.41831351    95.53476    96.20616    97.09816    97.41839    97.77587    98.17152    98.58640    98.80107    98.83900    99.00895   101.08468   101.57093
     0.42035613    95.47032    96.22142    97.09513    97.41262    97.78436    98.18091    98.58168    98.80092    98.83942    99.00766   101.08363   101.56895
     0.42239875    95.40323    96.23647    97.09247    97.40650    97.79331    98.19022    98.57745    98.79893    98.84086    99.00651   101.08253   101.56683
     0.42444137    95.33408    96.25146    97.09025    97.40003    97.80267    98.19929    98.57380    98.79544    98.84298    99.00555   101.08141   101.56460
     0.42648400    95.26358    96.26652    97.08853    97.39324    97.81244    98.20797    98.57075    98.79084    98.84539    99.00482   101.08026   101.56228
     0.42852662    95.19254    96.28177    97.08732    97.38614    97.82261    98.21615    98.56828    98.78551    98.84777    99.00435   101.07912   101.55989
     0.43056924    95.12193    96.29732    97.08664    97.37878    97.83315    98.22377    98.56634    98.77971    98.84994    99.00414   101.07800   101.55744
     0.43261187    95.05287    96.31326    97.08645    97.37121    97.84405    98.23076    98.56485    98.77369    98.85179    99.00420   101.07690   101.55497
     0.43465449    94.98662    96.32968    97.08671    97.36353    97.85527    98.23714    98.56366    98.76764    98.85329    99.00449   101.07586   101.55248
     0.43669711    94.92449    96.34663    97.08735    97.35584    97.86679    98.24290    98.56261    98.76178    98.85442    99.00499   101.07487   101.55001
     0.43873973    94.86777    96.36415    97.08828    97.34827    97.87858    98.24809    98.56151    98.75628    98.85523    99.00567   101.07396   101.54757
     0.44078236    94.81746    96.38227    97.08939    97.34101    97.89058    98.25275    98.56015    98.75135    98.85575    99.00648   101.07313   101.54518
     0.44282498    94.77412    96.40098    97.09053    97.33423    97.90273    98.25694    98.55832    98.74716    98.85603    99.00738   101.07240   101.54286
     0.44486760    94.73776    96.42030    97.09153    97.32817    97.91499    98.26071    98.55584    98.74386    98.85612    99.00832   101.07176   101.54062
     0.44691022    94.70787    96.44017    97.09224    97.32306    97.92728    98.26413    98.55256    98.74155    98.85610    99.00928   101.07123   101.53847
     0.44895285    94.68366    96.46058    97.09246    97.31915    97.93954    98.26725    98.54841    98.74030    98.85600    99.01021   101.07082   101.53644
     0.45099547    94.66423    96.48145    97.09201    97.31666    97.95168    98.27012    98.54335    98.74010    98.85587    99.01108   101.07052   101.53452
     0.45303809    94.64872    96.50272    97.09077    97.31581    97.96362    98.27277    98.53743    98.74089    98.85578    99.01189   101.07034   101.53273
     0.45508071    94.63639    96.52431    97.08864    97.31673    97.97527    98.27524    98.53075    98.74256    98.85575    99.01262   101.07027   101.53108
     0.45712334    94.62662    96.54613    97.08560    97.31950    97.98655    98.27755    98.52342    98.74499    98.85583    99.01325   101.07031   101.52956
     0.45916596    94.61892    96.56807    97.08167    97.32412    97.99736    98.27971    98.51562    98.74802    98.85604    99.01377   101.07046   101.52818
     0.46120858    94.61290    96.59002    97.07696    97.33052    98.00762    98.28171    98.50749    98.75151    98.85642    99.01420   101.07071   101.52694
     0.46325120    94.60827    96.61188    97.07159    97.33858    98.01723    98.28355    98.49920    98.75532    98.85698    99.01453   101.07105   101.52583
     0.46529383    94.60477    96.63353    97.06572    97.34815    98.02613    98.28520    98.49093    98.75931    98.85774    99.01477   101.07148   101.52486
     0.46733645    94.60220    96.65484    97.05951    97.35905    98.03422    98.28662    98.48283    98.76339    98.85871    99.01492   101.07199   101.52402
     0.46937907    94.60039    96.67570    97.05309    97.37109    98.04146    98.28776    98.47507    98.76746    98.85989    99.01500   101.07256   101.52331
     0.47142169    94.59922    96.69598    97.04660    97.38408    98.04779    98.28857    98.46778    98.77143    98.86128    99.01502   101.07319   101.52270
     0.47346432    94.59856    96.71559    97.04015    97.39783    98.05318    98.28899    98.46111    98.77524    98.86285    99.01498   101.07385   101.52220
     0.47550694    94.59831    96.73441    97.03383    97.41214    98.05761    98.28899    98.45516    98.77885    98.86457    99.01489   101.07455   101.52180
     0.47754956    94.59838    96.75233    97.02771    97.42680    98.06109    98.28853    98.45001    98.78223    98.86642    99.01478   101.07526   101.52149
     0.47959218    94.59871    96.76928    97.02186    97.44160    98.06365    98.28761    98.44571    98.78535    98.86835    99.01465   101.07597   101.52124
     0.48163481    94.59921    96.78514    97.01632    97.45631    98.06534    98.28628    98.44224    98.78820    98.87032    99.01450   101.07667   101.52107
     0.48367743    94.59984    96.79986    97.01114    97.47071    98.06623    98.28460    98.43957    98.79077    98.87228    99.01435   101.07734   101.52095
     0.48572005    94.60054    96.81334    97.00633    97.48456    98.06642    98.28266    98.43761    98.79307    98.87417    99.01421   101.07798   101.52087
     0.48776267    94.60125    96.82551    97.00193    97.49760    98.06603    98.28060    98.43625    98.79510    98.87595    99.01408   101.07858   101.52083
     0.48980530    94.60196    96.83631    96.99798    97.50959    98.06522    98.27852    98.43538    98.79686    98.87759    99.01396   101.07912   101.52081
     0.49184792    94.60261    96.84565    96.99450    97.52028    98.06413    98.27655    98.43488    98.79835    98.87903    99.01386   101.07959   101.52081
     0.49389054    94.60318    96.85346    96.99154    97.52942    98.06293    98.27479    98.43464    98.79957    98.88026    99.01377   101.07999   101.52082
     0.49593316    94.60364    96.85965    96.98915    97.53679    98.06179    98.27334    98.43455    98.80052    98.88123    99.01371   101.08030   101.52084
     0.49797579    94.60399    96.86415    96.98739    97.54221    98.06086    98.27225    98.43454    98.80120    98.88194    99.01366   101.08053   101.52085
     0.50001841    94.60420    96.86688    96.98630    97.54552    98.06025    98.27158    98.43456    98.80161    98.88238    99.01363   101.08067   101.52086
     0.50206103    94.60428    96.86779    96.98594    97.54664    98.06004    98.27136    98.43457    98.80174    98.88252    99.01362   101.08072   101.52087
