1.000000000000000000e+01,-4.680847310078375472e+02
2.000000000000000000e+01,-4.680847718811012896e+02
3.000000000000000000e+01,-4.680848483811405458e+02
4.000000000000000000e+01,-4.680849765752175813e+02
5.000000000000000000e+01,-4.680851641218494024e+02
6.000000000000000000e+01,-4.680854123697618547e+02
7.000000000000000000e+01,-4.680857202865179261e+02
8.000000000000000000e+01,-4.680860864181506713e+02
9.000000000000000000e+01,-4.680865096454966192e+02
1.000000000000000000e+02,-4.680869893788330955e+02
1.100000000000000000e+02,-4.680875255118062910e+02
1.200000000000000000e+02,-4.680881182893672303e+02
1.300000000000000000e+02,-4.680887681637209994e+02
1.400000000000000000e+02,-4.680894756708320870e+02
1.500000000000000000e+02,-4.680902413381539304e+02
1.600000000000000000e+02,-4.680910656232860561e+02
1.700000000000000000e+02,-4.680919488785106637e+02
1.800000000000000000e+02,-4.680928913348464562e+02
1.900000000000000000e+02,-4.680938930996278486e+02
2.000000000000000000e+02,-4.680949541626792438e+02
2.100000000000000000e+02,-4.680960744073643696e+02
2.200000000000000000e+02,-4.680972536238809880e+02
2.300000000000000000e+02,-4.680984915230621937e+02
2.400000000000000000e+02,-4.680997877496142792e+02
2.500000000000000000e+02,-4.681011418941979514e+02
2.600000000000000000e+02,-4.681025535040802765e+02
2.700000000000000000e+02,-4.681040220922977824e+02
2.800000000000000000e+02,-4.681055471453873906e+02
2.900000000000000000e+02,-4.681071281298159192e+02
