1.000000000000000000e+01,-4.685009409844703328e+02
2.000000000000000000e+01,-4.685009867353778645e+02
3.000000000000000000e+01,-4.685010545829504736e+02
4.000000000000000000e+01,-4.685011491924403799e+02
5.000000000000000000e+01,-4.685012801059025946e+02
6.000000000000000000e+01,-4.685014578472983544e+02
7.000000000000000000e+01,-4.685016920063001749e+02
8.000000000000000000e+01,-4.685019906881671545e+02
9.000000000000000000e+01,-4.685023605726410096e+02
1.000000000000000000e+02,-4.685028071375688796e+02
1.100000000000000000e+02,-4.685033348813876160e+02
1.200000000000000000e+02,-4.685039475039645254e+02
1.300000000000000000e+02,-4.685046480462376053e+02
1.400000000000000000e+02,-4.685054389980519431e+02
1.500000000000000000e+02,-4.685063223830341030e+02
1.600000000000000000e+02,-4.685072998269673121e+02
1.700000000000000000e+02,-4.685083726140430826e+02
1.800000000000000000e+02,-4.685095417339186383e+02
1.900000000000000000e+02,-4.685108079215818293e+02
2.000000000000000000e+02,-4.685121716914404715e+02
2.100000000000000000e+02,-4.685136333666767428e+02
2.200000000000000000e+02,-4.685151931046616482e+02
2.300000000000000000e+02,-4.685168509190460213e+02
2.400000000000000000e+02,-4.685186066990240761e+02
2.500000000000000000e+02,-4.685204602261685523e+02
2.600000000000000000e+02,-4.685224111891678263e+02
2.700000000000000000e+02,-4.685244591967392012e+02
2.800000000000000000e+02,-4.685266037889509221e+02
2.900000000000000000e+02,-4.685288444471518687e+02
