1.000000000000000000e+01,-4.686563652495880774e+02
2.000000000000000000e+01,-4.686566279828066399e+02
3.000000000000000000e+01,-4.686571986511708019e+02
4.000000000000000000e+01,-4.686580762116279288e+02
5.000000000000000000e+01,-4.686592464156572078e+02
6.000000000000000000e+01,-4.686606945376971112e+02
7.000000000000000000e+01,-4.686624071005285259e+02
8.000000000000000000e+01,-4.686643719000789474e+02
9.000000000000000000e+01,-4.686665778865279322e+02
1.000000000000000000e+02,-4.686690150709541172e+02
1.100000000000000000e+02,-4.686716744343722780e+02
1.200000000000000000e+02,-4.686745478257011541e+02
1.300000000000000000e+02,-4.686776278527780164e+02
1.400000000000000000e+02,-4.686809077753123915e+02
1.500000000000000000e+02,-4.686843814068017764e+02
1.600000000000000000e+02,-4.686880430291108155e+02
1.700000000000000000e+02,-4.686918873207197862e+02
1.800000000000000000e+02,-4.686959092979671482e+02
1.900000000000000000e+02,-4.687001042677740656e+02
2.000000000000000000e+02,-4.687044677900369152e+02
2.100000000000000000e+02,-4.687089956478989166e+02
2.200000000000000000e+02,-4.687136838242765293e+02
2.300000000000000000e+02,-4.687185284832582965e+02
2.400000000000000000e+02,-4.687235259552329012e+02
2.500000000000000000e+02,-4.687286727248305738e+02
2.600000000000000000e+02,-4.687339654209622495e+02
2.700000000000000000e+02,-4.687394008084054349e+02
2.800000000000000000e+02,-4.687449757805219974e+02
2.900000000000000000e+02,-4.687506873528025721e+02
