1.000000000000000000e+01,-4.687058626154669128e+02
2.000000000000000000e+01,-4.687059197852659054e+02
3.000000000000000000e+01,-4.687060188920277710e+02
4.000000000000000000e+01,-4.687061797950809705e+02
5.000000000000000000e+01,-4.687064136007898014e+02
6.000000000000000000e+01,-4.687067238499824384e+02
7.000000000000000000e+01,-4.687071109610280928e+02
8.000000000000000000e+01,-4.687075744188697968e+02
9.000000000000000000e+01,-4.687081135720740690e+02
1.000000000000000000e+02,-4.687087278691539609e+02
1.100000000000000000e+02,-4.687094168954053544e+02
1.200000000000000000e+02,-4.687101803472880874e+02
1.300000000000000000e+02,-4.687110179950601037e+02
1.400000000000000000e+02,-4.687119296511966127e+02
1.500000000000000000e+02,-4.687129151488878165e+02
1.600000000000000000e+02,-4.687139743297532277e+02
1.700000000000000000e+02,-4.687151070383046658e+02
1.800000000000000000e+02,-4.687163131206243634e+02
1.900000000000000000e+02,-4.687175924252243817e+02
2.000000000000000000e+02,-4.687189448046840425e+02
2.100000000000000000e+02,-4.687203701172099386e+02
2.200000000000000000e+02,-4.687218682276764525e+02
2.300000000000000000e+02,-4.687234390079895547e+02
2.400000000000000000e+02,-4.687250823367820090e+02
2.500000000000000000e+02,-4.687267980985470217e+02
2.600000000000000000e+02,-4.687285861823480104e+02
2.700000000000000000e+02,-4.687304464802550683e+02
2.800000000000000000e+02,-4.687323788856390934e+02
2.900000000000000000e+02,-4.687343832914384052e+02
