1.000000000000000000e+01,-5.061562235682485493e+02
2.000000000000000000e+01,-5.061563298081879907e+02
3.000000000000000000e+01,-5.061565065384185687e+02
4.000000000000000000e+01,-5.061567687188725699e+02
5.000000000000000000e+01,-5.061571282315162534e+02
6.000000000000000000e+01,-5.061575962789825667e+02
7.000000000000000000e+01,-5.061581836541664075e+02
8.000000000000000000e+01,-5.061589003677783580e+02
9.000000000000000000e+01,-5.061597553795446061e+02
1.000000000000000000e+02,-5.061607565060576235e+02
1.100000000000000000e+02,-5.061619104353590615e+02
1.200000000000000000e+02,-5.061632227889959381e+02
1.300000000000000000e+02,-5.061646982009517046e+02
1.400000000000000000e+02,-5.061663404010075169e+02
1.500000000000000000e+02,-5.061681522982233332e+02
1.600000000000000000e+02,-5.061701360629966189e+02
1.700000000000000000e+02,-5.061722932067639817e+02
1.800000000000000000e+02,-5.061746246584372670e+02
1.900000000000000000e+02,-5.061771308366786002e+02
2.000000000000000000e+02,-5.061798117172518232e+02
2.100000000000000000e+02,-5.061826668949143482e+02
2.200000000000000000e+02,-5.061856956395652674e+02
2.300000000000000000e+02,-5.061888969466050980e+02
2.400000000000000000e+02,-5.061922695816520559e+02
2.500000000000000000e+02,-5.061958121199072025e+02
2.600000000000000000e+02,-5.061995229805472150e+02
2.700000000000000000e+02,-5.062034004565825285e+02
2.800000000000000000e+02,-5.062074427406288919e+02
2.900000000000000000e+02,-5.062116479470446961e+02
