1.000000000000000000e+01,-4.687524422579669476e+02
2.000000000000000000e+01,-4.687525634075942094e+02
3.000000000000000000e+01,-4.687529010381367129e+02
4.000000000000000000e+01,-4.687535269663484883e+02
5.000000000000000000e+01,-4.687544605200473598e+02
6.000000000000000000e+01,-4.687556943485498664e+02
7.000000000000000000e+01,-4.687572109830060185e+02
8.000000000000000000e+01,-4.687589907747071720e+02
9.000000000000000000e+01,-4.687610152460304676e+02
1.000000000000000000e+02,-4.687632682693441097e+02
1.100000000000000000e+02,-4.687657362609872962e+02
1.200000000000000000e+02,-4.687684079582551817e+02
1.300000000000000000e+02,-4.687712740517851557e+02
1.400000000000000000e+02,-4.687743268012416706e+02
1.500000000000000000e+02,-4.687775596896658499e+02
1.600000000000000000e+02,-4.687809671354630723e+02
1.700000000000000000e+02,-4.687845442634322808e+02
1.800000000000000000e+02,-4.687882867285586030e+02
1.900000000000000000e+02,-4.687921905837044960e+02
2.000000000000000000e+02,-4.687962521822284430e+02
2.100000000000000000e+02,-4.688004681075389612e+02
2.200000000000000000e+02,-4.688048351229292052e+02
2.300000000000000000e+02,-4.688093501363813971e+02
2.400000000000000000e+02,-4.688140101762203926e+02
2.500000000000000000e+02,-4.688188123744960194e+02
2.600000000000000000e+02,-4.688237539557665059e+02
2.700000000000000000e+02,-4.688288322295797457e+02
2.800000000000000000e+02,-4.688340445854228165e+02
2.900000000000000000e+02,-4.688393884892671508e+02
