1.000000000000000000e+01,-4.688450050690498188e+02
2.000000000000000000e+01,-4.688450613341018993e+02
3.000000000000000000e+01,-4.688451828478255834e+02
4.000000000000000000e+01,-4.688454205330338027e+02
5.000000000000000000e+01,-4.688458148981836189e+02
6.000000000000000000e+01,-4.688463891943911790e+02
7.000000000000000000e+01,-4.688471534024230891e+02
8.000000000000000000e+01,-4.688481091130825007e+02
9.000000000000000000e+01,-4.688492531965637795e+02
1.000000000000000000e+02,-4.688505802004410157e+02
1.100000000000000000e+02,-4.688520838003865379e+02
1.200000000000000000e+02,-4.688537576186060392e+02
1.300000000000000000e+02,-4.688555956439232091e+02
1.400000000000000000e+02,-4.688575924121416847e+02
1.500000000000000000e+02,-4.688597430493777551e+02
1.600000000000000000e+02,-4.688620432426463935e+02
1.700000000000000000e+02,-4.688644891766107321e+02
1.800000000000000000e+02,-4.688670774590887618e+02
1.900000000000000000e+02,-4.688698050476811545e+02
2.000000000000000000e+02,-4.688726691836314444e+02
2.100000000000000000e+02,-4.688756673353461224e+02
2.200000000000000000e+02,-4.688787971519303142e+02
2.300000000000000000e+02,-4.688820564260211086e+02
2.400000000000000000e+02,-4.688854430647179470e+02
2.500000000000000000e+02,-4.688889550672785731e+02
2.600000000000000000e+02,-4.688925905082878103e+02
2.700000000000000000e+02,-4.688963475251543969e+02
2.800000000000000000e+02,-4.689002243089527724e+02
2.900000000000000000e+02,-4.689042190978067879e+02
