             0.00000             0.00181
             0.10000             0.00662
             0.20000             0.00662
             0.30000             0.00722
             0.40000             0.00722
             0.50000             0.00722
             0.60000             0.00722
             0.70000             0.00722
             0.80000             0.00783
             0.90000             0.00903
             1.00000             0.00843
             1.10000             0.02830
             1.20000             0.02950
             1.30000             0.03733
             1.40000             0.02709
             1.50000             0.03251
             1.60000             0.04817
             1.70000             0.06502
             1.80000             0.08610
             1.90000             0.08008
             2.00000             0.13186
             2.10000             0.08008
             2.20000             0.11500
             2.30000             0.10356
             2.40000             0.12945
             2.50000             0.11801
             2.60000             0.09152
             2.70000             0.11319
             2.80000             0.12704
             2.90000             0.09573
             3.00000             0.10898
             3.10000             0.10296
             3.20000             0.08249
             3.30000             0.09814
             3.40000             0.06984
             3.50000             0.07285
             3.60000             0.05961
             3.70000             0.06081
             3.80000             0.06563
             3.90000             0.04154
             4.00000             0.06743
             4.10000             0.03673
             4.20000             0.03251
             4.30000             0.04696
             4.40000             0.06563
             4.50000             0.05298
             4.60000             0.05961
             4.70000             0.04395
             4.80000             0.03914
             4.90000             0.06623
             5.00000             0.04034
             5.10000             0.07345
             5.20000             0.08128
             5.30000             0.09152
             5.40000             0.05539
             5.50000             0.05479
             5.60000             0.08550
             5.70000             0.06201
             5.80000             0.05780
             5.90000             0.04516
             6.00000             0.05118
             6.10000             0.05539
             6.20000             0.04275
             6.30000             0.11741
             6.40000             0.18604
             6.50000             0.15112
             6.60000             0.06623
             6.70000             0.18845
             6.80000             0.01987
             6.90000             0.01927
             7.00000             0.03372
             7.10000             0.02107
             7.20000             0.01806
             7.30000             0.03914
             7.40000             0.05238
             7.50000             0.05660
             7.60000             0.06804
             7.70000             0.05419
             7.80000             0.05359
             7.90000             0.05599
             8.00000             0.03793
             8.10000             0.04094
             8.20000             0.04275
             8.30000             0.05780
             8.40000             0.04215
             8.50000             0.03432
             8.60000             0.04756
             8.70000             0.04636
             8.80000             0.09212
             8.90000             0.05118
             9.00000             0.10115
             9.10000             0.04335
             9.20000             0.02950
             9.30000             0.15112
             9.40000             0.12102
             9.50000             0.13788
             9.60000             0.08851
             9.70000             0.15233
             9.80000             0.15293
             9.90000             0.13908
            10.00000             0.05780
            10.10000             0.04275
            10.20000             0.02830
            10.30000             0.00000
            10.40000             0.00000
            10.50000             0.00000
            10.60000             0.00000
            10.70000             0.00000
            10.80000             0.00000
            10.90000             0.00000
            11.00000             0.00000
            11.10000             0.00000
            11.20000             0.00000
            11.30000             0.00000
            11.40000             0.00000
            11.50000             0.00000
            11.60000             0.00000
            11.70000             0.00000
            11.80000             0.00000
            11.90000             0.00000
            12.00000             0.00000
            12.10000             0.00000
            12.20000             0.00000
            12.30000             0.00000
            12.40000             0.00000
            12.50000             0.00000
            12.60000             0.00000
            12.70000             0.00000
            12.80000             0.00000
            12.90000             0.00000
            13.00000             0.00000
            13.10000             0.00000
            13.20000             0.00000
            13.30000             0.00000
            13.40000             0.00000
            13.50000             0.00000
            13.60000             0.00000
            13.70000             0.00000
            13.80000             0.00000
            13.90000             0.00000
            14.00000             0.00000
            14.10000             0.00000
            14.20000             0.00000
            14.30000             0.00000
            14.40000             0.00000
            14.50000             0.00000
            14.60000             0.00000
            14.70000             0.00000
            14.80000             0.00000
            14.90000             0.00000
            15.00000             0.00000
            15.10000             0.00000
            15.20000             0.00000
            15.30000             0.00000
            15.40000             0.00000
            15.50000             0.00000
            15.60000             0.00000
            15.70000             0.00000
            15.80000             0.00000
            15.90000             0.00000
            16.00000             0.00000
            16.10000             0.00000
            16.20000             0.00000
            16.30000             0.00000
            16.40000             0.00000
            16.50000             0.00000
            16.60000             0.00000
            16.70000             0.00000
            16.80000             0.00000
            16.90000             0.00000
            17.00000             0.00000
            17.10000             0.00000
            17.20000             0.03311
            17.30000             0.02469
            17.40000             0.01084
            17.50000             0.01565
            17.60000             0.02890
            17.70000             0.04576
            17.80000             0.01084
            17.90000             0.01445
            18.00000             0.00000
            18.10000             0.00000
            18.20000             0.00000
            18.30000             0.00000
            18.40000             0.00000
            18.50000             0.00000
            18.60000             0.02228
            18.70000             0.02709
            18.80000             0.02709
            18.90000             0.05539
            19.00000             0.02830
            19.10000             0.03673
            19.20000             0.03914
            19.30000             0.05599
            19.40000             0.04636
            19.50000             0.03010
            19.60000             0.05359
            19.70000             0.07466
            19.80000             0.08670
            19.90000             0.05479
            20.00000             0.04455
            20.10000             0.03793
            20.20000             0.05539
            20.30000             0.05057
            20.40000             0.07044
            20.50000             0.04937
            20.60000             0.05238
            20.70000             0.05238
            20.80000             0.02469
            20.90000             0.04576
            21.00000             0.01626
            21.10000             0.05900
            21.20000             0.03612
            21.30000             0.03251
            21.40000             0.04756
            21.50000             0.05178
            21.60000             0.05599
            21.70000             0.02288
            21.80000             0.04576
            21.90000             0.04335
            22.00000             0.07646
            22.10000             0.06623
            22.20000             0.08550
            22.30000             0.05599
            22.40000             0.09091
            22.50000             0.03853
            22.60000             0.10115
            22.70000             0.09212
            22.80000             0.06502
            22.90000             0.09031
            23.00000             0.08851
            23.10000             0.08911
            23.20000             0.08730
            23.30000             0.06804
            23.40000             0.05900
            23.50000             0.08249
            23.60000             0.10597
            23.70000             0.05419
            23.80000             0.03010
            23.90000             0.02649
            24.00000             0.02107
            24.10000             0.02167
            24.20000             0.01866
            24.30000             0.02047
            24.40000             0.01686
            24.50000             0.00903
            24.60000             0.01264
            24.70000             0.03191
            24.80000             0.02107
            24.90000             0.02950
