     0.00000000    95.28355    96.63147    96.97645    97.53952    97.85081    98.22524    98.47950    98.59573    98.91113    99.03793   100.89656   102.56420
     0.00138225    95.28335    96.63225    96.97660    97.53948    97.85082    98.22519    98.47962    98.59589    98.91099    99.03776   100.89653   102.56420
     0.00276451    95.28275    96.63457    96.97705    97.53938    97.85085    98.22503    98.47997    98.59635    98.91058    99.03723   100.89645   102.56421
     0.00414676    95.28177    96.63842    96.97779    97.53921    97.85091    98.22476    98.48057    98.59712    98.90988    99.03636   100.89632   102.56423
     0.00552901    95.28042    96.64376    96.97882    97.53897    97.85098    98.22438    98.48140    98.59819    98.90891    99.03513   100.89614   102.56426
     0.00691126    95.27873    96.65054    96.98013    97.53866    97.85107    98.22388    98.48249    98.59954    98.90766    99.03357   100.89590   102.56430
     0.00829352    95.27672    96.65869    96.98173    97.53827    97.85117    98.22327    98.48383    98.60117    98.90613    99.03167   100.89562   102.56434
     0.00967577    95.27444    96.66815    96.98359    97.53780    97.85129    98.22253    98.48541    98.60306    98.90433    99.02943   100.89528   102.56439
     0.01105802    95.27192    96.67882    96.98572    97.53724    97.85142    98.22167    98.48726    98.60520    98.90226    99.02687   100.89490   102.56445
     0.01244027    95.26920    96.69060    96.98809    97.53660    97.85155    98.22068    98.48935    98.60756    98.89991    99.02398   100.89446   102.56452
     0.01382253    95.26631    96.70340    96.99072    97.53586    97.85169    98.21957    98.49169    98.61013    98.89730    99.02079   100.89398   102.56459
     0.01520478    95.26331    96.71709    96.99357    97.53502    97.85184    98.21832    98.49427    98.61290    98.89442    99.01730   100.89346   102.56466
     0.01658703    95.26024    96.73156    96.99666    97.53408    97.85198    98.21695    98.49706    98.61585    98.89129    99.01352   100.89289   102.56475
     0.01796929    95.25713    96.74667    96.99998    97.53303    97.85213    98.21546    98.50006    98.61895    98.88791    99.00947   100.89229   102.56484
     0.01935154    95.25402    96.76228    97.00352    97.53185    97.85227    98.21386    98.50323    98.62219    98.88430    99.00516   100.89164   102.56493
     0.02073379    95.25096    96.77823    97.00731    97.53056    97.85242    98.21214    98.50654    98.62555    98.88047    99.00061   100.89095   102.56503
     0.02211604    95.24798    96.79435    97.01135    97.52914    97.85258    98.21033    98.50997    98.62902    98.87643    98.99584   100.89023   102.56513
     0.02349830    95.24512    96.81046    97.01568    97.52758    97.85275    98.20843    98.51345    98.63257    98.87221    98.99086   100.88948   102.56524
     0.02488055    95.24242    96.82634    97.02036    97.52590    97.85293    98.20645    98.51696    98.63619    98.86784    98.98571   100.88870   102.56535
     0.02626280    95.23993    96.84176    97.02544    97.52408    97.85314    98.20440    98.52043    98.63985    98.86335    98.98039   100.88789   102.56546
     0.02764505    95.23769    96.85647    97.03104    97.52214    97.85338    98.20231    98.52382    98.64354    98.85878    98.97494   100.88706   102.56557
     0.02902731    95.23576    96.87017    97.03725    97.52008    97.85366    98.20018    98.52707    98.64722    98.85418    98.96938   100.88620   102.56569
     0.03040956    95.23422    96.88257    97.04420    97.51790    97.85400    98.19802    98.53011    98.65086    98.84959    98.96372   100.88533   102.56581
     0.03179181    95.23318    96.89336    97.05201    97.51564    97.85442    98.19585    98.53290    98.65445    98.84510    98.95801   100.88445   102.56592
     0.03317407    95.23278    96.90228    97.06077    97.51330    97.85492    98.19367    98.53536    98.65793    98.84075    98.95225   100.88355   102.56604
     0.03455632    95.23325    96.90913    97.07048    97.51091    97.85552    98.19151    98.53746    98.66128    98.83661    98.94648   100.88265   102.56616
     0.03593857    95.23497    96.91377    97.08108    97.50851    97.85624    98.18937    98.53912    98.66446    98.83278    98.94073   100.88174   102.56628
     0.03732082    95.23851    96.91614    97.09244    97.50612    97.85710    98.18726    98.54031    98.66743    98.82931    98.93501   100.88084   102.56639
     0.03870308    95.24488    96.91625    97.10437    97.50380    97.85811    98.18519    98.54098    98.67015    98.82627    98.92934   100.87993   102.56651
     0.04008533    95.25566    96.91411    97.11665    97.50158    97.85928    98.18317    98.54110    98.67262    98.82373    98.92377   100.87904   102.56662
     0.04146758    95.27300    96.90977    97.12906    97.49951    97.86064    98.18120    98.54065    98.67479    98.82171    98.91830   100.87815   102.56673
     0.04284983    95.29875    96.90324    97.14142    97.49762    97.86219    98.17928    98.53963    98.67668    98.82024    98.91297   100.87728   102.56684
     0.04423209    95.33302    96.89453    97.15354    97.49596    97.86393    98.17743    98.53803    98.67829    98.81932    98.90781   100.87643   102.56694
     0.04561434    95.37417    96.88365    97.16529    97.49456    97.86587    98.17564    98.53588    98.67964    98.81892    98.90282   100.87560   102.56704
     0.04699659    95.42009    96.87060    97.17656    97.49344    97.86800    98.17392    98.53322    98.68076    98.81899    98.89805   100.87479   102.56714
     0.04837885    95.46915    96.85539    97.18724    97.49262    97.87031    98.17228    98.53011    98.68167    98.81947    98.89353   100.87402   102.56723
     0.04976110    95.52024    96.83803    97.19728    97.49209    97.87279    98.17070    98.52661    98.68243    98.82026    98.88927   100.87328   102.56732
     0.05114335    95.57258    96.81854    97.20663    97.49184    97.87541    98.16920    98.52280    98.68304    98.82128    98.88532   100.87257   102.56741
     0.05252560    95.62563    96.79699    97.21525    97.49185    97.87814    98.16778    98.51877    98.68356    98.82245    98.88170   100.87190   102.56748
     0.05390786    95.67896    96.77345    97.22314    97.49209    97.88094    98.16644    98.51461    98.68400    98.82366    98.87843   100.87128   102.56756
     0.05529011    95.73217    96.74804    97.23028    97.49252    97.88377    98.16519    98.51042    98.68437    98.82484    98.87556   100.87069   102.56763
     0.05667236    95.78490    96.72094    97.23668    97.49309    97.88658    98.16403    98.50628    98.68470    98.82592    98.87309   100.87016   102.56769
     0.05805461    95.83673    96.69239    97.24236    97.49376    97.88930    98.16296    98.50230    98.68498    98.82683    98.87104   100.86967   102.56774
     0.05943687    95.88721    96.66271    97.24731    97.49448    97.89189    98.16200    98.49856    98.68523    98.82756    98.86940   100.86924   102.56779
     0.06081912    95.93576    96.63237    97.25157    97.49520    97.89429    98.16114    98.49515    98.68545    98.82809    98.86813   100.86886   102.56784
     0.06220137    95.98162    96.60206    97.25514    97.49588    97.89643    98.16040    98.49212    98.68564    98.82843    98.86721   100.86854   102.56787
     0.06358363    96.02372    96.57276    97.25804    97.49649    97.89827    98.15979    98.48956    98.68580    98.82862    98.86657   100.86827   102.56790
     0.06496588    96.06054    96.54595    97.26028    97.49700    97.89975    98.15930    98.48750    98.68592    98.82871    98.86616   100.86806   102.56793
     0.06634813    96.08997    96.52370    97.26187    97.49738    97.90084    98.15895    98.48600    98.68601    98.82873    98.86590   100.86791   102.56794
     0.06773038    96.10935    96.50864    97.26282    97.49761    97.90151    98.15873    98.48509    98.68606    98.82873    98.86577   100.86782   102.56795
     0.06911264    96.11617    96.50326    97.26314    97.49769    97.90173    98.15866    98.48479    98.68608    98.82873    98.86573   100.86779   102.56796
     0.06911264    96.11617    96.50326    97.26314    97.49769    97.90173    98.15866    98.48479    98.68608    98.82873    98.86573   100.86779   102.56796
     0.07081962    96.10932    96.50815    97.26311    97.49799    97.90172    98.15874    98.48486    98.68597    98.82889    98.86574   100.86781   102.56800
     0.07252661    96.08983    96.52178    97.26304    97.49890    97.90167    98.15900    98.48506    98.68562    98.82933    98.86580   100.86788   102.56811
     0.07423360    96.06016    96.54167    97.26291    97.50047    97.90152    98.15947    98.48540    98.68504    98.82995    98.86600   100.86800   102.56831
     0.07594059    96.02295    96.56521    97.26271    97.50273    97.90120    98.16024    98.48585    98.68425    98.83060    98.86650   100.86816   102.56858
     0.07764757    95.98036    96.59028    97.26242    97.50576    97.90059    98.16139    98.48639    98.68326    98.83106    98.86750   100.86837   102.56892
     0.07935456    95.93394    96.61536    97.26202    97.50960    97.89960    98.16301    98.48701    98.68206    98.83114    98.86921   100.86862   102.56935
     0.08106155    95.88481    96.63942    97.26147    97.51430    97.89810    98.16521    98.48766    98.68068    98.83066    98.87178   100.86891   102.56984
     0.08276854    95.83377    96.66176    97.26077    97.51988    97.89602    98.16808    98.48831    98.67913    98.82961    98.87526   100.86923   102.57041
     0.08447552    95.78142    96.68194    97.25987    97.52630    97.89329    98.17167    98.48893    98.67741    98.82802    98.87962   100.86960   102.57105
     0.08618251    95.72824    96.69969    97.25877    97.53349    97.88990    98.17602    98.48945    98.67552    98.82603    98.88476   100.87000   102.57175
     0.08788950    95.67461    96.71487    97.25742    97.54131    97.88589    98.18113    98.48985    98.67348    98.82379    98.89055   100.87043   102.57253
     0.08959649    95.62088    96.72745    97.25581    97.54959    97.88134    98.18696    98.49006    98.67126    98.82145    98.89689   100.87090   102.57336
     0.09130347    95.56734    96.73749    97.25390    97.55807    97.87641    98.19344    98.49005    98.66886    98.81917    98.90369   100.87138   102.57426
     0.09301046    95.51431    96.74512    97.25167    97.56648    97.87127    98.20048    98.48978    98.66625    98.81709    98.91084   100.87190   102.57521
     0.09471745    95.46209    96.75049    97.24908    97.57448    97.86617    98.20796    98.48923    98.66342    98.81536    98.91828   100.87243   102.57622
     0.09642444    95.41106    96.75379    97.24608    97.58173    97.86135    98.21574    98.48839    98.66034    98.81409    98.92595   100.87298   102.57729
     0.09813142    95.36175    96.75526    97.24263    97.58790    97.85710    98.22367    98.48727    98.65697    98.81339    98.93378   100.87354   102.57840
     0.09983841    95.31492    96.75510    97.23869    97.59266    97.85367    98.23160    98.48591    98.65332    98.81334    98.94173   100.87412   102.57956
     0.10154540    95.27189    96.75354    97.23420    97.59575    97.85127    98.23935    98.48437    98.64936    98.81399    98.94975   100.87470   102.58076
     0.10325239    95.23476    96.75079    97.22910    97.59702    97.85004    98.24676    98.48275    98.64511    98.81537    98.95780   100.87528   102.58200
     0.10495937    95.20588    96.74707    97.22335    97.59640    97.85000    98.25364    98.48116    98.64060    98.81748    98.96583   100.87587   102.58327
     0.10666636    95.18566    96.74256    97.21688    97.59396    97.85111    98.25981    98.47975    98.63585    98.82029    98.97382   100.87646   102.58458
     0.10837335    95.17187    96.73744    97.20965    97.58986    97.85320    98.26510    98.47866    98.63091    98.82376    98.98174   100.87704   102.58591
     0.11008034    95.16185    96.73189    97.20161    97.58432    97.85606    98.26933    98.47805    98.62586    98.82781    98.98954   100.87761   102.58727
     0.11178732    95.15384    96.72604    97.19273    97.57761    97.85944    98.27237    98.47808    98.62075    98.83238    98.99722   100.87817   102.58865
     0.11349431    95.14691    96.72003    97.18299    97.56999    97.86310    98.27413    98.47885    98.61565    98.83739    99.00473   100.87871   102.59005
     0.11520130    95.14056    96.71399    97.17237    97.56168    97.86683    98.27455    98.48041    98.61063    98.84276    99.01207   100.87924   102.59146
     0.11690829    95.13453    96.70803    97.16089    97.55291    97.87041    98.27366    98.48279    98.60578    98.84841    99.01920   100.87975   102.59288
     0.11861527    95.12868    96.70223    97.14856    97.54383    97.87369    98.27153    98.48592    98.60116    98.85429    99.02610   100.88023   102.59431
     0.12032226    95.12294    96.69668    97.13543    97.53459    97.87652    98.26830    98.48970    98.59687    98.86032    99.03277   100.88069   102.59575
     0.12202925    95.11730    96.69145    97.12155    97.52527    97.87881    98.26411    98.49396    98.59299    98.86644    99.03917   100.88113   102.59719
     0.12373624    95.11177    96.68659    97.10700    97.51594    97.88045    98.25916    98.49852    98.58962    98.87261    99.04531   100.88153   102.59863
     0.12544322    95.10638    96.68216    97.09186    97.50665    97.88140    98.25362    98.50318    98.58689    98.87878    99.05115   100.88190   102.60007
     0.12715021    95.10118    96.67817    97.07624    97.49743    97.88159    98.24767    98.50772    98.58491    98.88492    99.05669   100.88223   102.60151
     0.12885720    95.09626    96.67465    97.06025    97.48826    97.88102    98.24147    98.51192    98.58382    98.89099    99.06192   100.88253   102.60294
     0.13056419    95.09170    96.67160    97.04403    97.47917    97.87966    98.23516    98.51557    98.58373    98.89697    99.06683   100.88278   102.60436
     0.13227117    95.08759    96.66901    97.02771    97.47012    97.87752    98.22889    98.51854    98.58471    98.90284    99.07140   100.88300   102.60578
     0.13397816    95.08406    96.66684    97.01144    97.46111    97.87462    98.22277    98.52078    98.58674    98.90858    99.07564   100.88318   102.60719
     0.13568515    95.08123    96.66505    96.99538    97.45212    97.87098    98.21689    98.52231    98.58972    98.91417    99.07953   100.88331   102.60858
     0.13739214    95.07922    96.66357    96.97970    97.44314    97.86665    98.21133    98.52326    98.59347    98.91961    99.08307   100.88339   102.60997
     0.13909913    95.07818    96.66231    96.96458    97.43416    97.86168    98.20618    98.52377    98.59780    98.92489    99.08625   100.88343   102.61135
     0.14080611    95.07823    96.66117    96.95022    97.42517    97.85614    98.20147    98.52398    98.60250    98.93000    99.08908   100.88342   102.61271
     0.14251310    95.07951    96.66004    96.93681    97.41617    97.85008    98.19725    98.52400    98.60742    98.93493    99.09156   100.88337   102.61406
     0.14422009    95.08215    96.65875    96.92457    97.40718    97.84359    98.19356    98.52393    98.61240    98.93967    99.09368   100.88326   102.61540
     0.14592708    95.08625    96.65719    96.91368    97.39821    97.83675    98.19041    98.52382    98.61735    98.94423    99.09545   100.88311   102.61673
     0.14763406    95.09192    96.65521    96.90434    97.38929    97.82964    98.18782    98.52372    98.62218    98.94858    99.09687   100.88290   102.61804
     0.14934105    95.09924    96.65269    96.89671    97.38045    97.82234    98.18580    98.52365    98.62681    98.95273    99.09795   100.88265   102.61934
     0.15104804    95.10828    96.64958    96.89088    97.37175    97.81494    98.18434    98.52361    98.63121    98.95666    99.09870   100.88234   102.62064
     0.15275503    95.11909    96.64585    96.88690    97.36324    97.80751    98.18345    98.52362    98.63533    98.96035    99.09912   100.88199   102.62191
     0.15446201    95.13169    96.64155    96.88474    97.35500    97.80013    98.18311    98.52366    98.63914    98.96380    99.09924   100.88159   102.62318
     0.15446201    95.13169    96.64155    96.88474    97.35500    97.80013    98.18311    98.52366    98.63914    98.96380    99.09924   100.88159   102.62318
     0.15584427    95.11774    96.64581    96.88265    97.36045    97.80255    98.18470    98.52230    98.63589    98.96287    99.10003   100.88163   102.62324
     0.15722652    95.10495    96.64948    96.88269    97.36599    97.80499    98.18658    98.52105    98.63267    98.96165    99.10056   100.88162   102.62331
     0.15860877    95.09341    96.65236    96.88499    97.37161    97.80743    98.18876    98.51989    98.62948    98.96015    99.10083   100.88155   102.62341
     0.15999102    95.08323    96.65436    96.88962    97.37730    97.80988    98.19122    98.51882    98.62636    98.95836    99.10082   100.88142   102.62353
     0.16137328    95.07448    96.65542    96.89657    97.38306    97.81231    98.19396    98.51782    98.62332    98.95629    99.10055   100.88123   102.62368
     0.16275553    95.06723    96.65560    96.90575    97.38887    97.81471    98.19697    98.51690    98.62038    98.95393    99.10001   100.88098   102.62384
     0.16413778    95.06154    96.65498    96.91700    97.39474    97.81707    98.20025    98.51603    98.61756    98.95129    99.09920   100.88068   102.62403
     0.16552003    95.05742    96.65369    96.93013    97.40065    97.81938    98.20378    98.51520    98.61487    98.94836    99.09813   100.88032   102.62423
     0.16690229    95.05491    96.65188    96.94490    97.40662    97.82163    98.20755    98.51440    98.61234    98.94515    99.09680   100.87991   102.62446
     0.16828454    95.05400    96.64969    96.96111    97.41264    97.82380    98.21155    98.51361    98.60996    98.94166    99.09522   100.87945   102.62471
     0.16966679    95.05469    96.64725    96.97853    97.41872    97.82588    98.21576    98.51283    98.60776    98.93790    99.09339   100.87894   102.62497
     0.17104905    95.05699    96.64466    96.99696    97.42487    97.82785    98.22017    98.51205    98.60574    98.93389    99.09131   100.87837   102.62525
     0.17243130    95.06092    96.64202    97.01621    97.43112    97.82970    98.22475    98.51125    98.60389    98.92961    99.08899   100.87776   102.62554
     0.17381355    95.06653    96.63938    97.03607    97.43750    97.83141    98.22949    98.51045    98.60222    98.92511    99.08644   100.87710   102.62585
     0.17519580    95.07393    96.63681    97.05637    97.44405    97.83297    98.23436    98.50962    98.60071    98.92038    99.08367   100.87640   102.62617
     0.17657806    95.08326    96.63434    97.07692    97.45083    97.83435    98.23933    98.50879    98.59935    98.91545    99.08068   100.87566   102.62651
     0.17796031    95.09478    96.63199    97.09753    97.45790    97.83554    98.24437    98.50795    98.59811    98.91036    99.07747   100.87488   102.62685
     0.17934256    95.10883    96.62978    97.11801    97.46537    97.83653    98.24946    98.50712    98.59697    98.90512    99.07406   100.87406   102.62721
     0.18072481    95.12586    96.62771    97.13814    97.47333    97.83729    98.25455    98.50631    98.59589    98.89977    99.07046   100.87321   102.62757
     0.18210707    95.14632    96.62578    97.15772    97.48191    97.83780    98.25960    98.50553    98.59483    98.89437    99.06667   100.87233   102.62793
     0.18348932    95.17059    96.62399    97.17651    97.49125    97.83804    98.26458    98.50479    98.59377    98.88894    99.06271   100.87143   102.62830
     0.18487157    95.19882    96.62231    97.19430    97.50150    97.83801    98.26942    98.50412    98.59265    98.88355    99.05858   100.87049   102.62868
     0.18625383    95.23087    96.62074    97.21087    97.51279    97.83768    98.27409    98.50351    98.59146    98.87824    99.05429   100.86954   102.62905
     0.18763608    95.26630    96.61924    97.22601    97.52526    97.83703    98.27852    98.50296    98.59017    98.87308    99.04985   100.86857   102.62943
     0.18901833    95.30457    96.61779    97.23957    97.53899    97.83605    98.28265    98.50247    98.58875    98.86812    99.04527   100.86759   102.62980
     0.19040058    95.34510    96.61638    97.25144    97.55403    97.83475    98.28642    98.50201    98.58723    98.86343    99.04058   100.86660   102.63017
     0.19178284    95.38736    96.61496    97.26158    97.57035    97.83311    98.28977    98.50156    98.58561    98.85906    99.03577   100.86560   102.63054
     0.19316509    95.43092    96.61351    97.26999    97.58786    97.83115    98.29261    98.50106    98.58396    98.85505    99.03087   100.86460   102.63090
     0.19454734    95.47541    96.61199    97.27674    97.60642    97.82890    98.29489    98.50044    98.58234    98.85146    99.02588   100.86360   102.63125
     0.19592959    95.52053    96.61039    97.28192    97.62582    97.82639    98.29652    98.49961    98.58088    98.84831    99.02083   100.86260   102.63160
     0.19731185    95.56604    96.60867    97.28566    97.64578    97.82374    98.29744    98.49848    98.57968    98.84563    99.01574   100.86162   102.63193
     0.19869410    95.61171    96.60681    97.28810    97.66596    97.82111    98.29758    98.49697    98.57890    98.84343    99.01062   100.86065   102.63225
     0.20007635    95.65735    96.60479    97.28938    97.68585    97.81881    98.29686    98.49500    98.57864    98.84170    99.00550   100.85969   102.63256
     0.20145861    95.70276    96.60260    97.28962    97.70471    97.81741    98.29524    98.49256    98.57901    98.84042    99.00040   100.85876   102.63285
     0.20284086    95.74776    96.60023    97.28895    97.72136    97.81794    98.29267    98.48967    98.58005    98.83958    98.99535   100.85785   102.63313
     0.20422311    95.79217    96.59770    97.28749    97.73409    97.82191    98.28910    98.48640    98.58177    98.83914    98.99037   100.85697   102.63340
     0.20560536    95.83579    96.59503    97.28534    97.74138    97.83073    98.28454    98.48286    98.58411    98.83905    98.98550   100.85612   102.63364
     0.20698762    95.87842    96.59226    97.28260    97.74315    97.84430    98.27900    98.47916    98.58703    98.83927    98.98077   100.85531   102.63387
     0.20836987    95.91983    96.58947    97.27935    97.74070    97.86119    98.27253    98.47544    98.59042    98.83974    98.97623   100.85454   102.63408
     0.20975212    95.95977    96.58676    97.27567    97.73542    97.87986    98.26522    98.47180    98.59423    98.84041    98.97190   100.85382   102.63427
     0.21113437    95.99793    96.58429    97.27163    97.72821    97.89923    98.25720    98.46832    98.59835    98.84121    98.96784   100.85313   102.63443
     0.21251663    96.03398    96.58225    97.26730    97.71961    97.91860    98.24864    98.46508    98.60272    98.84209    98.96409   100.85250   102.63458
     0.21389888    96.06754    96.58089    97.26273    97.70992    97.93744    98.23979    98.46212    98.60728    98.84298    98.96069   100.85192   102.63470
     0.21528113    96.09815    96.58054    97.25797    97.69932    97.95531    98.23094    98.45947    98.61196    98.84383    98.95769   100.85140   102.63481
     0.21666339    96.12533    96.58155    97.25308    97.68793    97.97176    98.22246    98.45715    98.61672    98.84458    98.95514   100.85093   102.63489
     0.21804564    96.14858    96.58432    97.24808    97.67584    97.98631    98.21480    98.45519    98.62152    98.84518    98.95307   100.85053   102.63494
     0.21942789    96.16744    96.58918    97.24304    97.66313    97.99841    98.20848    98.45360    98.62634    98.84558    98.95152   100.85018   102.63498
     0.22081014    96.18155    96.59640    97.23797    97.64986    98.00752    98.20405    98.45241    98.63114    98.84576    98.95051   100.84990   102.63499
     0.22219240    96.19073    96.60606    97.23291    97.63608    98.01318    98.20195    98.45164    98.63591    98.84571    98.95004   100.84969   102.63497
     0.22357465    96.19502    96.61801    97.22790    97.62186    98.01516    98.20237    98.45134    98.64063    98.84542    98.95010   100.84954   102.63494
     0.22357465    96.19502    96.61801    97.22790    97.62186    98.01516    98.20237    98.45134    98.64063    98.84542    98.95010   100.84954   102.63494
     0.22549017    96.19009    96.60450    97.23242    97.63493    98.01109    98.20293    98.45144    98.63780    98.84583    98.94938   100.84990   102.63586
     0.22740569    96.18034    96.59310    97.23557    97.64854    98.00310    98.20710    98.45202    98.63488    98.84592    98.94896   100.85039   102.63685
     0.22932120    96.16559    96.58419    97.23731    97.66261    97.99162    98.21448    98.45300    98.63189    98.84567    98.94884   100.85099   102.63791
     0.23123672    96.14585    96.57793    97.23767    97.67697    97.97735    98.22441    98.45432    98.62885    98.84508    98.94904   100.85171   102.63902
     0.23315224    96.12140    96.57423    97.23666    97.69142    97.96105    98.23622    98.45590    98.62578    98.84417    98.94956   100.85255   102.64019
     0.23506776    96.09268    96.57284    97.23432    97.70565    97.94350    98.24932    98.45767    98.62271    98.84296    98.95039   100.85350   102.64142
     0.23698328    96.06026    96.57340    97.23072    97.71918    97.92549    98.26324    98.45956    98.61968    98.84147    98.95152   100.85457   102.64269
     0.23889879    96.02470    96.57552    97.22591    97.73124    97.90805    98.27758    98.46149    98.61673    98.83974    98.95295   100.85574   102.64400
     0.24081431    95.98656    96.57883    97.21998    97.74058    97.89258    98.29201    98.46340    98.61391    98.83780    98.95466   100.85701   102.64535
     0.24272983    95.94635    96.58298    97.21301    97.74530    97.88109    98.30624    98.46525    98.61128    98.83570    98.95664   100.85839   102.64674
     0.24464535    95.90453    96.58770    97.20509    97.74331    97.87576    98.32002    98.46699    98.60890    98.83348    98.95888   100.85986   102.64815
     0.24656086    95.86150    96.59274    97.19631    97.73386    97.87739    98.33307    98.46863    98.60682    98.83118    98.96136   100.86143   102.64958
     0.24847638    95.81762    96.59791    97.18679    97.71818    97.88479    98.34516    98.47019    98.60511    98.82885    98.96408   100.86309   102.65101
     0.25039190    95.77322    96.60303    97.17660    97.69828    97.89600    98.35601    98.47173    98.60380    98.82655    98.96701   100.86483   102.65246
     0.25230742    95.72859    96.60798    97.16586    97.67573    97.90947    98.36537    98.47336    98.60293    98.82431    98.97015   100.86666   102.65390
     0.25422294    95.68402    96.61261    97.15464    97.65153    97.92427    98.37300    98.47520    98.60250    98.82219    98.97347   100.86857   102.65533
     0.25613845    95.63976    96.61685    97.14305    97.62629    97.93980    98.37869    98.47734    98.60250    98.82023    98.97696   100.87055   102.65674
     0.25805397    95.59607    96.62060    97.13117    97.60038    97.95573    98.38237    98.47985    98.60291    98.81849    98.98061   100.87260   102.65812
     0.25996949    95.55318    96.62380    97.11907    97.57410    97.97184    98.38405    98.48268    98.60366    98.81700    98.98439   100.87471   102.65948
     0.26188501    95.51134    96.62638    97.10682    97.54762    97.98798    98.38391    98.48572    98.60468    98.81580    98.98830   100.87688   102.66079
     0.26380053    95.47077    96.62832    97.09446    97.52112    98.00405    98.38216    98.48882    98.60589    98.81492    98.99230   100.87910   102.66206
     0.26571604    95.43169    96.62959    97.08205    97.49474    98.01996    98.37908    98.49179    98.60718    98.81439    98.99639   100.88137   102.66328
     0.26763156    95.39428    96.63017    97.06960    97.46860    98.03567    98.37493    98.49452    98.60847    98.81421    99.00053   100.88367   102.66444
     0.26954708    95.35868    96.63008    97.05711    97.44284    98.05112    98.36996    98.49689    98.60965    98.81439    99.00471   100.88601   102.66554
     0.27146260    95.32495    96.62934    97.04458    97.41757    98.06625    98.36440    98.49885    98.61065    98.81490    99.00891   100.88837   102.66657
     0.27337812    95.29306    96.62800    97.03197    97.39293    98.08101    98.35843    98.50038    98.61141    98.81574    99.01310   100.89075   102.66754
     0.27529363    95.26287    96.62610    97.01923    97.36905    98.09536    98.35224    98.50146    98.61188    98.81686    99.01728   100.89314   102.66843
     0.27720915    95.23414    96.62373    97.00630    97.34604    98.10921    98.34600    98.50211    98.61204    98.81823    99.02140   100.89553   102.66925
     0.27912467    95.20656    96.62097    96.99312    97.32403    98.12250    98.33989    98.50236    98.61187    98.81979    99.02547   100.89790   102.67000
     0.28104019    95.17979    96.61792    96.97960    97.30315    98.13513    98.33408    98.50223    98.61136    98.82149    99.02945   100.90026   102.67068
     0.28295571    95.15348    96.61467    96.96568    97.28349    98.14698    98.32877    98.50176    98.61055    98.82329    99.03334   100.90259   102.67128
     0.28487122    95.12734    96.61134    96.95131    97.26513    98.15790    98.32416    98.50098    98.60944    98.82513    99.03710   100.90488   102.67181
     0.28678674    95.10109    96.60804    96.93647    97.24815    98.16772    98.32047    98.49992    98.60806    98.82698    99.04074   100.90712   102.67228
     0.28870226    95.07455    96.60488    96.92115    97.23256    98.17624    98.31793    98.49862    98.60643    98.82880    99.04423   100.90931   102.67267
     0.29061778    95.04757    96.60196    96.90538    97.21838    98.18329    98.31675    98.49710    98.60459    98.83054    99.04757   100.91142   102.67301
     0.29253330    95.02007    96.59939    96.88924    97.20558    98.18875    98.31709    98.49541    98.60257    98.83220    99.05074   100.91346   102.67329
     0.29444881    94.99204    96.59724    96.87282    97.19410    98.19260    98.31897    98.49356    98.60040    98.83375    99.05372   100.91541   102.67352
     0.29636433    94.96352    96.59559    96.85624    97.18388    98.19494    98.32229    98.49158    98.59811    98.83517    99.05652   100.91726   102.67370
     0.29827985    94.93461    96.59453    96.83965    97.17484    98.19598    98.32682    98.48951    98.59574    98.83646    99.05912   100.91900   102.67384
     0.30019537    94.90550    96.59408    96.82319    97.16689    98.19600    98.33228    98.48736    98.59333    98.83762    99.06151   100.92062   102.67395
     0.30211089    94.87644    96.59429    96.80705    97.15996    98.19530    98.33834    98.48517    98.59092    98.83864    99.06369   100.92212   102.67402
     0.30402640    94.84779    96.59515    96.79140    97.15396    98.19413    98.34469    98.48296    98.58856    98.83953    99.06566   100.92349   102.67407
     0.30594192    94.82003    96.59666    96.77643    97.14883    98.19272    98.35106    98.48077    98.58630    98.84029    99.06740   100.92471   102.67410
     0.30785744    94.79374    96.59874    96.76237    97.14450    98.19122    98.35720    98.47865    98.58418    98.84092    99.06892   100.92578   102.67411
     0.30977296    94.76968    96.60128    96.74945    97.14092    98.18978    98.36288    98.47665    98.58227    98.84145    99.07021   100.92670   102.67411
     0.31168848    94.74865    96.60410    96.73798    97.13804    98.18849    98.36790    98.47483    98.58062    98.84187    99.07127   100.92746   102.67411
     0.31360399    94.73145    96.60694    96.72833    97.13584    98.18742    98.37207    98.47327    98.57927    98.84219    99.07209   100.92805   102.67410
     0.31551951    94.71875    96.60943    96.72091    97.13429    98.18662    98.37520    98.47207    98.57827    98.84241    99.07268   100.92848   102.67410
     0.31743503    94.71099    96.61117    96.71620    97.13336    98.18613    98.37714    98.47131    98.57766    98.84254    99.07304   100.92874   102.67409
     0.31935055    94.70838    96.61179    96.71458    97.13305    98.18596    98.37780    98.47105    98.57745    98.84258    99.07316   100.92883   102.67409
     0.31935055    94.70838    96.61179    96.71458    97.13305    98.18596    98.37780    98.47105    98.57745    98.84258    99.07316   100.92883   102.67409
     0.32073280    94.71192    96.61113    96.71568    97.13373    98.18540    98.37804    98.47108    98.57774    98.84247    99.07298   100.92881   102.67411
     0.32211505    94.72220    96.60923    96.71890    97.13574    98.18373    98.37874    98.47120    98.57860    98.84213    99.07245   100.92877   102.67418
     0.32349731    94.73827    96.60633    96.72401    97.13909    98.18100    98.37982    98.47142    98.58002    98.84155    99.07156   100.92871   102.67428
     0.32487956    94.75901    96.60270    96.73072    97.14375    98.17727    98.38119    98.47181    98.58197    98.84076    99.07032   100.92861   102.67443
     0.32626181    94.78335    96.59862    96.73877    97.14971    98.17262    98.38270    98.47244    98.58442    98.83974    99.06874   100.92849   102.67462
     0.32764406    94.81046    96.59430    96.74792    97.15693    98.16715    98.38422    98.47338    98.58734    98.83851    99.06681   100.92835   102.67484
     0.32902632    94.83969    96.58993    96.75801    97.16538    98.16093    98.38560    98.47472    98.59069    98.83706    99.06453   100.92817   102.67511
     0.33040857    94.87058    96.58563    96.76889    97.17502    98.15406    98.38669    98.47653    98.59443    98.83541    99.06193   100.92798   102.67542
     0.33179082    94.90279    96.58150    96.78049    97.18579    98.14662    98.38739    98.47884    98.59853    98.83357    99.05899   100.92775   102.67576
     0.33317307    94.93605    96.57758    96.79273    97.19765    98.13868    98.38761    98.48169    98.60293    98.83154    99.05573   100.92751   102.67614
     0.33455533    94.97019    96.57393    96.80556    97.21054    98.13031    98.38732    98.48504    98.60761    98.82934    99.05215   100.92724   102.67655
     0.33593758    95.00503    96.57057    96.81896    97.22439    98.12156    98.38649    98.48887    98.61252    98.82698    99.04828   100.92694   102.67700
     0.33731983    95.04045    96.56752    96.83289    97.23914    98.11249    98.38515    98.49310    98.61763    98.82448    99.04410   100.92662   102.67747
     0.33870209    95.07636    96.56478    96.84735    97.25470    98.10315    98.38332    98.49767    98.62290    98.82186    99.03965   100.92628   102.67798
     0.34008434    95.11266    96.56234    96.86232    97.27101    98.09357    98.38103    98.50247    98.62829    98.81915    99.03493   100.92592   102.67851
     0.34146659    95.14926    96.56021    96.87779    97.28798    98.08381    98.37833    98.50744    98.63376    98.81638    99.02996   100.92553   102.67907
     0.34284884    95.18610    96.55837    96.89376    97.30553    98.07390    98.37524    98.51248    98.63926    98.81358    99.02474   100.92513   102.67965
     0.34423110    95.22310    96.55679    96.91022    97.32357    98.06390    98.37181    98.51752    98.64474    98.81079    99.01931   100.92471   102.68025
     0.34561335    95.26021    96.55547    96.92716    97.34202    98.05383    98.36804    98.52249    98.65015    98.80807    99.01368   100.92427   102.68086
     0.34699560    95.29737    96.55437    96.94458    97.36076    98.04375    98.36397    98.52732    98.65543    98.80547    99.00787   100.92381   102.68150
     0.34837786    95.33451    96.55348    96.96245    97.37971    98.03371    98.35961    98.53194    98.66051    98.80305    99.00191   100.92334   102.68214
     0.34976011    95.37157    96.55276    96.98076    97.39876    98.02376    98.35498    98.53630    98.66533    98.80090    98.99581   100.92286   102.68280
     0.35114236    95.40850    96.55219    96.99949    97.41780    98.01396    98.35008    98.54032    98.66981    98.79908    98.98961   100.92236   102.68346
     0.35252461    95.44524    96.55174    97.01862    97.43672    98.00438    98.34494    98.54395    98.67387    98.79768    98.98333   100.92185   102.68413
     0.35390687    95.48172    96.55137    97.03812    97.45538    97.99510    98.33956    98.54714    98.67746    98.79678    98.97700   100.92134   102.68481
     0.35528912    95.51790    96.55106    97.05795    97.47367    97.98619    98.33395    98.54981    98.68053    98.79644    98.97065   100.92082   102.68548
     0.35667137    95.55370    96.55077    97.07808    97.49143    97.97776    98.32814    98.55192    98.68304    98.79672    98.96432   100.92030   102.68615
     0.35805362    95.58906    96.55048    97.09845    97.50852    97.96990    98.32213    98.55341    98.68499    98.79764    98.95803   100.91977   102.68681
     0.35943588    95.62393    96.55016    97.11903    97.52478    97.96272    98.31596    98.55422    98.68641    98.79918    98.95182   100.91925   102.68747
     0.36081813    95.65821    96.54977    97.13975    97.54006    97.95635    98.30965    98.55433    98.68737    98.80130    98.94572   100.91873   102.68811
     0.36220038    95.69186    96.54929    97.16054    97.55419    97.95089    98.30322    98.55370    98.68794    98.80394    98.93975   100.91821   102.68875
     0.36358264    95.72479    96.54870    97.18135    97.56702    97.94645    98.29673    98.55231    98.68821    98.80700    98.93396   100.91770   102.68936
     0.36496489    95.75692    96.54796    97.20209    97.57842    97.94312    98.29022    98.55016    98.68826    98.81041    98.92836   100.91720   102.68996
     0.36634714    95.78817    96.54707    97.22268    97.58827    97.94096    98.28375    98.54727    98.68817    98.81407    98.92299   100.91671   102.69054
     0.36772939    95.81845    96.54600    97.24304    97.59652    97.93998    98.27738    98.54368    98.68800    98.81789    98.91786   100.91624   102.69110
     0.36911165    95.84767    96.54474    97.26305    97.60315    97.94014    98.27118    98.53944    98.68780    98.82180    98.91299   100.91579   102.69163
     0.37049390    95.87572    96.54330    97.28261    97.60820    97.94134    98.26524    98.53464    98.68758    98.82573    98.90840   100.91535   102.69213
     0.37187615    95.90251    96.54167    97.30162    97.61179    97.94342    98.25965    98.52937    98.68736    98.82962    98.90411   100.91493   102.69261
     0.37325840    95.92791    96.53987    97.31994    97.61406    97.94618    98.25449    98.52371    98.68717    98.83343    98.90010   100.91454   102.69305
     0.37464066    95.95181    96.53792    97.33744    97.61520    97.94940    98.24983    98.51781    98.68698    98.83709    98.89640   100.91418   102.69347
     0.37602291    95.97407    96.53584    97.35399    97.61541    97.95283    98.24576    98.51177    98.68682    98.84060    98.89299   100.91384   102.69384
     0.37740516    95.99456    96.53370    97.36942    97.61490    97.95627    98.24232    98.50575    98.68666    98.84390    98.88987   100.91353   102.69419
     0.37878742    96.01314    96.53154    97.38359    97.61389    97.95953    98.23953    98.49989    98.68653    98.84698    98.88704   100.91326   102.69449
     0.38016967    96.02965    96.52943    97.39633    97.61257    97.96245    98.23738    98.49435    98.68640    98.84982    98.88448   100.91302   102.69476
     0.38155192    96.04396    96.52745    97.40749    97.61110    97.96496    98.23581    98.48929    98.68629    98.85238    98.88220   100.91281   102.69499
     0.38293417    96.05591    96.52567    97.41689    97.60967    97.96698    98.23475    98.48487    98.68620    98.85465    98.88020   100.91264   102.69517
     0.38431643    96.06536    96.52419    97.42439    97.60839    97.96853    98.23410    98.48124    98.68612    98.85656    98.87852   100.91250   102.69532
     0.38569868    96.07221    96.52306    97.42986    97.60739    97.96960    98.23373    98.47854    98.68607    98.85805    98.87720   100.91241   102.69542
     0.38708093    96.07636    96.52236    97.43319    97.60676    97.97023    98.23356    98.47687    98.68603    98.85901    98.87635   100.91235   102.69549
     0.38846318    96.07774    96.52213    97.43430    97.60654    97.97044    98.23351    98.47631    98.68602    98.85935    98.87605   100.91233   102.69551
     0.38846318    96.07774    96.52213    97.43430    97.60654    97.97044    98.23351    98.47631    98.68602    98.85935    98.87605   100.91233   102.69551
     0.39050581    96.07653    96.52196    97.43298    97.60666    97.97010    98.23413    98.47639    98.68587    98.85910    98.87639   100.91229   102.69539
     0.39254843    96.07286    96.52146    97.42909    97.60700    97.96910    98.23597    98.47665    98.68542    98.85836    98.87740   100.91218   102.69502
     0.39459105    96.06664    96.52073    97.42282    97.60749    97.96743    98.23897    98.47708    98.68471    98.85717    98.87902   100.91200   102.69440
     0.39663367    96.05770    96.51986    97.41442    97.60801    97.96510    98.24300    98.47766    98.68380    98.85554    98.88121   100.91174   102.69354
     0.39867630    96.04587    96.51902    97.40425    97.60847    97.96213    98.24794    98.47838    98.68276    98.85349    98.88390   100.91141   102.69245
     0.40071892    96.03091    96.51838    97.39267    97.60874    97.95854    98.25361    98.47922    98.68167    98.85105    98.88704   100.91102   102.69112
     0.40276154    96.01259    96.51814    97.38003    97.60871    97.95436    98.25984    98.48017    98.68062    98.84822    98.89057   100.91056   102.68956
     0.40480416    95.99072    96.51848    97.36669    97.60829    97.94967    98.26643    98.48119    98.67970    98.84503    98.89444   100.91004   102.68778
     0.40684679    95.96514    96.51959    97.35296    97.60736    97.94454    98.27323    98.48226    98.67899    98.84150    98.89860   100.90947   102.68578
     0.40888941    95.93576    96.52159    97.33912    97.60583    97.93907    98.28004    98.48335    98.67857    98.83765    98.90301   100.90885   102.68358
     0.41093203    95.90256    96.52459    97.32541    97.60360    97.93338    98.28672    98.48444    98.67848    98.83351    98.90762   100.90819   102.68118
     0.41297466    95.86566    96.52866    97.31202    97.60056    97.92761    98.29312    98.48550    98.67879    98.82914    98.91239   100.90748   102.67858
     0.41501728    95.82523    96.53379    97.29909    97.59660    97.92190    98.29911    98.48651    98.67951    98.82457    98.91729   100.90675   102.67581
     0.41705990    95.78157    96.53998    97.28671    97.59163    97.91642    98.30458    98.48744    98.68065    98.81988    98.92230   100.90599   102.67287
     0.41910252    95.73508    96.54717    97.27496    97.58556    97.91132    98.30941    98.48827    98.68218    98.81513    98.92738   100.90522   102.66976
     0.42114515    95.68626    96.55526    97.26386    97.57832    97.90675    98.31355    98.48900    98.68406    98.81044    98.93251   100.90443   102.66651
     0.42318777    95.63572    96.56417    97.25339    97.56989    97.90283    98.31691    98.48961    98.68618    98.80591    98.93766   100.90364   102.66313
     0.42523039    95.58420    96.57378    97.24355    97.56028    97.89965    98.31945    98.49009    98.68843    98.80170    98.94282   100.90285   102.65961
     0.42727301    95.53259    96.58395    97.23427    97.54955    97.89727    98.32113    98.49044    98.69060    98.79801    98.94795   100.90207   102.65598
     0.42931564    95.48198    96.59454    97.22548    97.53782    97.89572    98.32194    98.49067    98.69249    98.79504    98.95306   100.90131   102.65225
     0.43135826    95.43363    96.60541    97.21712    97.52523    97.89498    98.32186    98.49077    98.69383    98.79303    98.95810   100.90057   102.64844
     0.43340088    95.38894    96.61640    97.20908    97.51202    97.89500    98.32092    98.49076    98.69437    98.79222    98.96308   100.89987   102.64454
     0.43544350    95.34928    96.62736    97.20124    97.49843    97.89572    98.31912    98.49065    98.69394    98.79274    98.96797   100.89919   102.64058
     0.43748613    95.31565    96.63811    97.19349    97.48477    97.89704    98.31651    98.49044    98.69245    98.79465    98.97275   100.89856   102.63658
     0.43952875    95.28835    96.64850    97.18567    97.47137    97.89885    98.31315    98.49016    98.68991    98.79787    98.97742   100.89798   102.63253
     0.44157137    95.26697    96.65836    97.17763    97.45858    97.90104    98.30908    98.48981    98.68647    98.80223    98.98196   100.89744   102.62847
     0.44361399    95.25066    96.66752    97.16923    97.44677    97.90348    98.30440    98.48940    98.68228    98.80752    98.98636   100.89696   102.62440
     0.44565662    95.23848    96.67584    97.16030    97.43630    97.90603    98.29918    98.48895    98.67754    98.81351    98.99061   100.89654   102.62034
     0.44769924    95.22961    96.68315    97.15073    97.42750    97.90858    98.29352    98.48846    98.67240    98.81999    98.99471   100.89617   102.61630
     0.44974186    95.22343    96.68934    97.14045    97.42064    97.91097    98.28754    98.48794    98.66700    98.82679    98.99864   100.89586   102.61230
     0.45178448    95.21948    96.69428    97.12945    97.41590    97.91307    98.28135    98.48740    98.66145    98.83374    99.00240   100.89561   102.60835
     0.45382711    95.21739    96.69790    97.11781    97.41339    97.91475    98.27507    98.48684    98.65586    98.84073    99.00599   100.89541   102.60448
     0.45586973    95.21692    96.70012    97.10566    97.41310    97.91588    98.26882    98.48627    98.65030    98.84764    99.00939   100.89527   102.60069
     0.45791235    95.21785    96.70093    97.09320    97.41495    97.91632    98.26274    98.48569    98.64483    98.85440    99.01261   100.89519   102.59701
     0.45995497    95.21999    96.70033    97.08064    97.41879    97.91599    98.25693    98.48511    98.63950    98.86093    99.01565   100.89515   102.59344
     0.46199760    95.22319    96.69838    97.06822    97.42443    97.91478    98.25151    98.48453    98.63435    98.86717    99.01850   100.89516   102.59001
     0.46404022    95.22727    96.69516    97.05615    97.43164    97.91265    98.24656    98.48396    98.62943    98.87308    99.02116   100.89520   102.58674
     0.46608284    95.23207    96.69082    97.04463    97.44016    97.90957    98.24216    98.48340    98.62475    98.87862    99.02363   100.89528   102.58363
     0.46812546    95.23742    96.68552    97.03381    97.44975    97.90557    98.23834    98.48286    98.62036    98.88377    99.02590   100.89539   102.58070
     0.47016809    95.24315    96.67948    97.02381    97.46011    97.90070    98.23511    98.48234    98.61627    98.88849    99.02798   100.89551   102.57797
     0.47221071    95.24908    96.67293    97.01472    97.47099    97.89508    98.23245    98.48185    98.61250    98.89279    99.02987   100.89565   102.57546
     0.47425333    95.25502    96.66613    97.00659    97.48208    97.88889    98.23034    98.48139    98.60908    98.89664    99.03156   100.89580   102.57317
     0.47629595    95.26080    96.65934    96.99943    97.49307    97.88232    98.22871    98.48097    98.60602    98.90004    99.03305   100.89595   102.57111
     0.47833858    95.26624    96.65282    96.99327    97.50365    97.87565    98.22750    98.48060    98.60333    98.90299    99.03434   100.89609   102.56931
     0.48038120    95.27116    96.64683    96.98808    97.51348    97.86917    98.22663    98.48027    98.60103    98.90548    99.03544   100.89622   102.56777
     0.48242382    95.27543    96.64158    96.98387    97.52220    97.86320    98.22604    98.48000    98.59914    98.90752    99.03634   100.89634   102.56649
     0.48446644    95.27889    96.63728    96.98061    97.52947    97.85809    98.22565    98.47978    98.59765    98.90910    99.03703   100.89643   102.56549
     0.48650907    95.28145    96.63409    96.97830    97.53495    97.85415    98.22541    98.47962    98.59659    98.91023    99.03753   100.89650   102.56478
     0.48855169    95.28302    96.63213    96.97691    97.53836    97.85166    98.22528    98.47953    98.59595    98.91091    99.03783   100.89654   102.56434
     0.49059431    95.28355    96.63147    96.97645    97.53952    97.85081    98.22524    98.47950    98.59573    98.91113    99.03793   100.89656   102.56420
