     0.00000000    95.18685    98.04372    98.38174    98.48886    99.45755    99.59082    99.75781    99.83291   100.23248   100.42847   100.43368   100.44177
     0.00137084    95.18694    98.04427    98.38219    98.48838    99.45719    99.59052    99.75796    99.83310   100.23241   100.42838   100.43359   100.44172
     0.00274167    95.18724    98.04590    98.38354    98.48694    99.45611    99.58963    99.75842    99.83365   100.23219   100.42811   100.43333   100.44156
     0.00411251    95.18780    98.04861    98.38579    98.48454    99.45431    99.58815    99.75918    99.83458   100.23182   100.42766   100.43290   100.44131
     0.00548334    95.18873    98.05239    98.38892    98.48116    99.45180    99.58608    99.76024    99.83587   100.23131   100.42703   100.43232   100.44095
     0.00685418    95.19015    98.05721    98.39293    98.47679    99.44858    99.58342    99.76160    99.83753   100.23064   100.42621   100.43158   100.44048
     0.00822501    95.19221    98.06307    98.39778    98.47139    99.44467    99.58019    99.76327    99.83955   100.22981   100.42521   100.43071   100.43991
     0.00959585    95.19510    98.06993    98.40347    98.46494    99.44007    99.57638    99.76522    99.84194   100.22881   100.42402   100.42971   100.43923
     0.01096669    95.19899    98.07776    98.40996    98.45742    99.43480    99.57199    99.76748    99.84469   100.22764   100.42265   100.42860   100.43845
     0.01233752    95.20407    98.08653    98.41724    98.44877    99.42886    99.56705    99.77002    99.84780   100.22629   100.42109   100.42740   100.43757
     0.01370836    95.21048    98.09620    98.42527    98.43897    99.42229    99.56155    99.77284    99.85126   100.22476   100.41933   100.42611   100.43659
     0.01507919    95.21839    98.10674    98.42796    98.43401    99.41508    99.55551    99.77595    99.85508   100.22303   100.41739   100.42475   100.43552
     0.01645003    95.22790    98.11811    98.41571    98.44344    99.40727    99.54893    99.77933    99.85924   100.22111   100.41524   100.42334   100.43436
     0.01782087    95.23910    98.13026    98.40216    98.45353    99.39886    99.54182    99.78299    99.86375   100.21898   100.41290   100.42189   100.43313
     0.01919170    95.25207    98.14315    98.38726    98.46423    99.38988    99.53420    99.78691    99.86860   100.21664   100.41036   100.42042   100.43184
     0.02056254    95.26683    98.15675    98.37096    98.47552    99.38034    99.52608    99.79109    99.87377   100.21409   100.40762   100.41893   100.43049
     0.02193337    95.28342    98.17100    98.35321    98.48735    99.37026    99.51747    99.79552    99.87928   100.21134   100.40468   100.41745   100.42909
     0.02330421    95.30185    98.18586    98.33396    98.49969    99.35967    99.50837    99.80020    99.88510   100.20836   100.40152   100.41598   100.42766
     0.02467504    95.32212    98.20130    98.31315    98.51251    99.34857    99.49881    99.80511    99.89123   100.20518   100.39816   100.41453   100.42621
     0.02604588    95.34422    98.21727    98.29075    98.52577    99.33700    99.48880    99.81025    99.89767   100.20179   100.39459   100.41312   100.42474
     0.02741672    95.36815    98.23372    98.26671    98.53943    99.32496    99.47835    99.81562    99.90440   100.19820   100.39080   100.41175   100.42327
     0.02878755    95.39390    98.24092    98.25068    98.55348    99.31247    99.46747    99.82119    99.91142   100.19441   100.38680   100.41043   100.42181
     0.03015839    95.42146    98.21349    98.26797    98.56787    99.29956    99.45618    99.82697    99.91871   100.19042   100.38259   100.40917   100.42037
     0.03152922    95.45082    98.18427    98.28567    98.58258    99.28624    99.44450    99.83294    99.92627   100.18626   100.37815   100.40797   100.41895
     0.03290006    95.48197    98.15328    98.30372    98.59757    99.27252    99.43243    99.83909    99.93407   100.18192   100.37351   100.40683   100.41758
     0.03427089    95.51489    98.12047    98.32207    98.61283    99.25841    99.42000    99.84542    99.94212   100.17742   100.36864   100.40576   100.41626
     0.03564173    95.54958    98.08586    98.34071    98.62833    99.24394    99.40722    99.85191    99.95040   100.17275   100.36355   100.40475   100.41499
     0.03701257    95.58601    98.04942    98.35960    98.64405    99.22912    99.39410    99.85854    99.95889   100.16795   100.35825   100.40382   100.41379
     0.03838340    95.62418    98.01117    98.37871    98.65996    99.21396    99.38066    99.86532    99.96759   100.16300   100.35273   100.40295   100.41265
     0.03975424    95.66405    97.97110    98.39802    98.67604    99.19848    99.36691    99.87223    99.97648   100.15792   100.34699   100.40214   100.41159
     0.04112507    95.70560    97.92925    98.41751    98.69228    99.18268    99.35287    99.87925    99.98554   100.15271   100.34104   100.40140   100.41062
     0.04249591    95.74882    97.88563    98.43715    98.70867    99.16658    99.33855    99.88638    99.99476   100.14739   100.33487   100.40071   100.40972
     0.04386675    95.79365    97.84029    98.45692    98.72518    99.15020    99.32397    99.89360   100.00413   100.14196   100.32848   100.40009   100.40891
     0.04523758    95.84008    97.79326    98.47680    98.74180    99.13354    99.30915    99.90090   100.01363   100.13642   100.32189   100.39951   100.40819
     0.04660842    95.88805    97.74459    98.49678    98.75852    99.11661    99.29409    99.90827   100.02324   100.13077   100.31509   100.39899   100.40755
     0.04797925    95.93752    97.69435    98.51683    98.77533    99.09943    99.27881    99.91570   100.03296   100.12503   100.30808   100.39851   100.40699
     0.04935009    95.98844    97.64260    98.53695    98.79221    99.08200    99.26333    99.92318   100.04277   100.11919   100.30087   100.39808   100.40651
     0.05072092    96.04074    97.58942    98.55712    98.80916    99.06435    99.24765    99.93070   100.05265   100.11325   100.29346   100.39769   100.40610
     0.05209176    96.09437    97.53489    98.57732    98.82617    99.04648    99.23180    99.93824   100.06259   100.10721   100.28585   100.39734   100.40576
     0.05346260    96.14926    97.47908    98.59755    98.84323    99.02839    99.21578    99.94579   100.07257   100.10109   100.27806   100.39703   100.40548
     0.05483343    96.20533    97.42211    98.61779    98.86033    99.01011    99.19961    99.95336   100.08258   100.09487   100.27008   100.39676   100.40525
     0.05620427    96.26250    97.36405    98.63803    98.87747    98.99164    99.18330    99.96091   100.08855   100.09261   100.26191   100.39652   100.40507
     0.05757510    96.32068    97.30502    98.65825    98.89463    98.97299    99.16686    99.96845   100.08215   100.10263   100.25358   100.39632   100.40492
     0.05894594    96.37979    97.24513    98.67846    98.91181    98.95418    99.15031    99.97597   100.07566   100.11265   100.24507   100.39615   100.40481
     0.06031677    96.43973    97.18447    98.69864    98.92900    98.93520    99.13365    99.98345   100.06909   100.12264   100.23640   100.39600   100.40473
     0.06168761    96.50039    97.12318    98.71878    98.91608    98.94620    99.11689    99.99088   100.06243   100.13259   100.22758   100.39589   100.40467
     0.06305845    96.56168    97.06136    98.73887    98.89682    98.96340    99.10005    99.99826   100.05569   100.14249   100.21860   100.39579   100.40463
     0.06442928    96.62348    96.99913    98.75890    98.87744    98.98059    99.08314   100.00556   100.04890   100.15233   100.20949   100.39572   100.40460
     0.06580012    96.68567    96.93664    98.77887    98.85793    98.99777    99.06616   100.01273   100.04209   100.16210   100.20025   100.39567   100.40458
     0.06717095    96.74807    96.87405    98.79876    98.83832    99.01492    99.04913   100.01960   100.03545   100.17178   100.19088   100.39564   100.40457
     0.06854179    96.80537    96.81668    98.81774    98.81943    99.03167    99.03241   100.02412   100.03100   100.18082   100.18194   100.39563   100.40456
     0.06854179    96.80537    96.81668    98.81774    98.81943    99.03167    99.03241   100.02412   100.03100   100.18082   100.18194   100.39563   100.40456
     0.07023646    96.74828    96.87425    98.79867    98.83836    99.01488    99.04910   100.01956   100.03551   100.17177   100.19100   100.39557   100.40463
     0.07193113    96.68655    96.93743    98.77868    98.85794    98.99762    99.06604   100.01270   100.04223   100.16221   100.20057   100.39536   100.40484
     0.07362580    96.62548    97.00087    98.75862    98.87732    98.98027    99.08288   100.00557   100.04910   100.15271   100.21011   100.39503   100.40519
     0.07532047    96.56528    97.06433    98.73851    98.89644    98.96283    99.09962    99.99837   100.05588   100.14333   100.21958   100.39457   100.40567
     0.07701514    96.50606    97.12763    98.71840    98.91517    98.94543    99.11624    99.99116   100.06246   100.13416   100.22898   100.39400   100.40629
     0.07870981    96.44792    97.19057    98.69832    98.92586    98.93566    99.13275    99.98395   100.06865   100.12538   100.23828   100.39332   100.40705
     0.08040448    96.39097    97.25296    98.67832    98.90912    98.95288    99.14914    99.97676   100.07407   100.11737   100.24746   100.39253   100.40796
     0.08209915    96.33528    97.31459    98.65844    98.89121    98.97079    99.16541    99.96962   100.07782   100.11104   100.25651   100.39166   100.40902
     0.08379382    96.28092    97.37527    98.63874    98.87306    98.98842    99.18156    99.96252   100.07820   100.10808   100.26541   100.39069   100.41025
     0.08548849    96.22794    97.43477    98.61926    98.85472    99.00568    99.19759    99.95550   100.07430   100.10941   100.27413   100.38964   100.41166
     0.08718316    96.17641    97.49286    98.60009    98.83618    99.02255    99.21349    99.94856   100.06763   100.11352   100.28266   100.38851   100.41326
     0.08887783    96.12635    97.54931    98.58128    98.81743    99.03898    99.22927    99.94172   100.05975   100.11887   100.29098   100.38732   100.41505
     0.09057250    96.07779    97.60387    98.56293    98.79847    99.05495    99.24492    99.93499   100.05136   100.12474   100.29905   100.38608   100.41706
     0.09226717    96.03075    97.65628    98.54514    98.77928    99.07044    99.26045    99.92841   100.04279   100.13081   100.30686   100.38482   100.41928
     0.09396185    95.98525    97.70628    98.52802    98.75986    99.08541    99.27587    99.92197   100.03418   100.13696   100.31436   100.38356   100.42172
     0.09565652    95.94128    97.75356    98.51172    98.74018    99.09986    99.29119    99.91572   100.02559   100.14309   100.32151   100.38235   100.42438
     0.09735119    95.89885    97.79781    98.49637    98.72026    99.11376    99.30641    99.90965   100.01707   100.14917   100.32825   100.38125   100.42726
     0.09904586    95.85794    97.83871    98.48215    98.70011    99.12710    99.32154    99.90380   100.00865   100.15516   100.33448   100.38037   100.43036
     0.10074053    95.81852    97.87592    98.46925    98.67976    99.13986    99.33659    99.89818   100.00034   100.16105   100.34005   100.37987   100.43366
     0.10243520    95.78059    97.90908    98.45782    98.65925    99.15203    99.35159    99.89281    99.99216   100.16680   100.34473   100.37997   100.43716
     0.10412987    95.74411    97.93786    98.44798    98.63868    99.16361    99.36655    99.88771    99.98410   100.17241   100.34828   100.38096   100.44083
     0.10582454    95.70906    97.96199    98.43978    98.61822    99.17460    99.38148    99.88289    99.97618   100.17785   100.35049   100.38302   100.44466
     0.10751921    95.67539    97.98129    98.43303    98.59812    99.18500    99.39639    99.87837    99.96838   100.18311   100.35141   100.38617   100.44863
     0.10921388    95.64308    97.99570    98.42732    98.57881    99.19481    99.41131    99.87415    99.96071   100.18817   100.35126   100.39017   100.45272
     0.11090855    95.61208    98.00536    98.42180    98.56094    99.20405    99.42624    99.87024    99.95317   100.19302   100.35033   100.39476   100.45689
     0.11260322    95.58237    98.01056    98.41524    98.54545    99.21273    99.44120    99.86663    99.94573   100.19764   100.34888   100.39971   100.46113
     0.11429789    95.55389    98.01174    98.40617    98.53339    99.22087    99.45619    99.86332    99.93840   100.20201   100.34705   100.40487   100.46542
     0.11599256    95.52661    98.00942    98.39340    98.52545    99.22849    99.47123    99.86031    99.93118   100.20613   100.34495   100.41016   100.46973
     0.11768723    95.50049    98.00413    98.37661    98.52150    99.23561    99.48630    99.85757    99.92404   100.20998   100.34265   100.41551   100.47405
     0.11938190    95.47550    97.99637    98.35625    98.52066    99.24226    99.50141    99.85509    99.91700   100.21355   100.34019   100.42090   100.47835
     0.12107657    95.45161    97.98659    98.33310    98.52181    99.24847    99.51655    99.85285    99.91005   100.21683   100.33761   100.42628   100.48263
     0.12277124    95.42877    97.97518    98.30786    98.52401    99.25425    99.53171    99.85081    99.90320   100.21982   100.33493   100.43164   100.48686
     0.12446591    95.40697    97.96242    98.28108    98.52659    99.25962    99.54687    99.84894    99.89644   100.22249   100.33216   100.43695   100.49103
     0.12616058    95.38616    97.94856    98.25315    98.52910    99.26462    99.56201    99.84721    99.88980   100.22485   100.32932   100.44221   100.49514
     0.12785525    95.36633    97.93376    98.22437    98.53124    99.26925    99.57711    99.84555    99.88332   100.22689   100.32644   100.44739   100.49916
     0.12954992    95.34745    97.91816    98.19501    98.53288    99.27353    99.59215    99.84391    99.87703   100.22860   100.32352   100.45247   100.50310
     0.13124459    95.32951    97.90182    98.16532    98.53392    99.27747    99.60711    99.84220    99.87103   100.22997   100.32059   100.45744   100.50694
     0.13293927    95.31248    97.88476    98.13553    98.53436    99.28106    99.62195    99.84028    99.86544   100.23100   100.31766   100.46227   100.51066
     0.13463394    95.29635    97.86695    98.10591    98.53421    99.28432    99.63665    99.83797    99.86045   100.23167   100.31477   100.46695   100.51427
     0.13632861    95.28111    97.84835    98.07673    98.53355    99.28722    99.65117    99.83505    99.85629   100.23198   100.31194   100.47147   100.51774
     0.13802328    95.26675    97.82885    98.04830    98.53243    99.28977    99.66548    99.83138    99.85312   100.23190   100.30919   100.47581   100.52106
     0.13971795    95.25326    97.80833    98.02092    98.53095    99.29193    99.67955    99.82702    99.85092   100.23143   100.30657   100.47996   100.52423
     0.14141262    95.24067    97.78670    97.99490    98.52922    99.29371    99.69334    99.82214    99.84955   100.23054   100.30411   100.48390   100.52723
     0.14310729    95.22900    97.76387    97.97049    98.52732    99.29506    99.70679    99.81698    99.84883   100.22924   100.30183   100.48763   100.53004
     0.14480196    95.21831    97.73983    97.94790    98.52536    99.29596    99.71986    99.81168    99.84866   100.22752   100.29978   100.49114   100.53265
     0.14649663    95.20873    97.71466    97.92725    98.52344    99.29640    99.73248    99.80637    99.84900   100.22538   100.29798   100.49442   100.53505
     0.14819130    95.20047    97.68850    97.90855    98.52167    99.29633    99.74455    99.80113    99.84987   100.22284   100.29643   100.49747   100.53722
     0.14988597    95.19391    97.66161    97.89175    98.52013    99.29574    99.75593    99.79607    99.85130   100.21991   100.29516   100.50029   100.53915
     0.15158064    95.18960    97.63427    97.87674    98.51891    99.29459    99.76631    99.79143    99.85336   100.21665   100.29416   100.50286   100.54082
     0.15327531    95.18827    97.60679    97.86340    98.51810    99.29288    99.77444    99.78837    99.85611   100.21310   100.29343   100.50520   100.54222
     0.15327531    95.18827    97.60679    97.86340    98.51810    99.29288    99.77444    99.78837    99.85611   100.21310   100.29343   100.50520   100.54222
     0.15464615    95.19021    97.60765    97.86385    98.51868    99.29245    99.77141    99.79108    99.85643   100.21295   100.29369   100.50497   100.54184
     0.15601698    95.19631    97.61002    97.86502    98.51976    99.29129    99.76538    99.79617    99.85738   100.21277   100.29403   100.50453   100.54128
     0.15738782    95.20665    97.61387    97.86691    98.52133    99.28943    99.75828    99.80173    99.85892   100.21257   100.29444   100.50388   100.54053
     0.15875865    95.22102    97.61915    97.86951    98.52337    99.28688    99.75054    99.80735    99.86101   100.21235   100.29493   100.50302   100.53961
     0.16012949    95.23916    97.62582    97.87281    98.52589    99.28364    99.74231    99.81294    99.86358   100.21212   100.29549   100.50194   100.53852
     0.16150032    95.26075    97.63379    97.87682    98.52885    99.27976    99.73362    99.81851    99.86655   100.21189   100.29611   100.50065   100.53728
     0.16287116    95.28544    97.64297    97.88153    98.53225    99.27523    99.72448    99.82409    99.86986   100.21168   100.29680   100.49914   100.53590
     0.16424200    95.31291    97.65325    97.88697    98.53606    99.27011    99.71490    99.82970    99.87343   100.21148   100.29754   100.49740   100.53438
     0.16561283    95.34282    97.66450    97.89313    98.54026    99.26441    99.70487    99.83537    99.87720   100.21133   100.29835   100.49544   100.53275
     0.16698367    95.37490    97.67657    97.90007    98.54483    99.25816    99.69440    99.84110    99.88114   100.21122   100.29920   100.49325   100.53101
     0.16835450    95.40889    97.68928    97.90781    98.54974    99.25140    99.68347    99.84689    99.88521   100.21118   100.30011   100.49082   100.52916
     0.16972534    95.44460    97.70243    97.91641    98.55496    99.24415    99.67209    99.85273    99.88939   100.21122   100.30106   100.48816   100.52723
     0.17109618    95.48186    97.71581    97.92596    98.56046    99.23646    99.66023    99.85857    99.89370   100.21136   100.30205   100.48528   100.52523
     0.17246701    95.52050    97.72917    97.93654    98.56622    99.22834    99.64789    99.86437    99.89814   100.21160   100.30308   100.48217   100.52314
     0.17383785    95.56042    97.74227    97.94825    98.57219    99.21983    99.63506    99.87005    99.90277   100.21197   100.30414   100.47884   100.52100
     0.17520868    95.60152    97.75485    97.96119    98.57835    99.21096    99.62173    99.87556    99.90763   100.21248   100.30524   100.47529   100.51879
     0.17657952    95.64370    97.76667    97.97546    98.58467    99.20175    99.60790    99.88082    99.91277   100.21312   100.30636   100.47155   100.51652
     0.17795035    95.68689    97.77750    97.99113    98.59111    99.19224    99.59354    99.88575    99.91825   100.21392   100.30751   100.46762   100.51419
     0.17932119    95.73102    97.78716    98.00822    98.59764    99.18244    99.57867    99.89033    99.92409   100.21488   100.30868   100.46351   100.51180
     0.18069203    95.77603    97.79550    98.02672    98.60425    99.17239    99.56326    99.89455    99.93028   100.21599   100.30987   100.45924   100.50936
     0.18206286    95.82188    97.80244    98.04657    98.61089    99.16211    99.54732    99.89844    99.93680   100.21725   100.31108   100.45482   100.50685
     0.18343370    95.86849    97.80789    98.06770    98.61756    99.15162    99.53085    99.90204    99.94359   100.21865   100.31231   100.45028   100.50429
     0.18480453    95.91584    97.81182    98.08998    98.62423    99.14094    99.51384    99.90542    99.95060   100.22018   100.31355   100.44563   100.50166
     0.18617537    95.96386    97.81422    98.11330    98.63088    99.13009    99.49629    99.90863    99.95776   100.22183   100.31481   100.44090   100.49897
     0.18754620    96.01251    97.81505    98.13752    98.63752    99.11910    99.47821    99.91174    99.96503   100.22358   100.31607   100.43611   100.49621
     0.18891704    96.06175    97.81429    98.16252    98.64412    99.10797    99.45962    99.91479    99.97233   100.22541   100.31735   100.43128   100.49338
     0.19028788    96.11152    97.81193    98.18819    98.65071    99.09674    99.44050    99.91786    99.97963   100.22729   100.31862   100.42644   100.49049
     0.19165871    96.16178    97.80792    98.21441    98.65727    99.08542    99.42089    99.92097    99.98686   100.22921   100.31990   100.42163   100.48753
     0.19302955    96.21247    97.80224    98.24109    98.66382    99.07403    99.40079    99.92418    99.99398   100.23115   100.32116   100.41688   100.48449
     0.19440038    96.26354    97.79485    98.26814    98.67037    99.06258    99.38022    99.92751   100.00095   100.23308   100.32239   100.41223   100.48139
     0.19577122    96.31494    97.78571    98.29548    98.67694    99.05110    99.35921    99.93101   100.00769   100.23499   100.32356   100.40773   100.47822
     0.19714206    96.36661    97.77477    98.32302    98.68355    99.03961    99.33777    99.93469   100.01417   100.23688   100.32465   100.40343   100.47498
     0.19851289    96.41850    97.76199    98.35069    98.69021    99.02812    99.31594    99.93857   100.02033   100.23874   100.32560   100.39939   100.47167
     0.19988373    96.47053    97.74735    98.37844    98.69696    99.01666    99.29373    99.94267   100.02610   100.24057   100.32636   100.39571   100.46830
     0.20125456    96.52265    97.73082    98.40619    98.70380    99.00527    99.27119    99.94700   100.03144   100.24239   100.32685   100.39245   100.46487
     0.20262540    96.57479    97.71236    98.43387    98.71075    98.99396    99.24835    99.95155   100.03628   100.24421   100.32699   100.38971   100.46138
     0.20399623    96.62688    97.69197    98.46142    98.71782    98.98279    99.22524    99.95633   100.04056   100.24607   100.32670   100.38757   100.45784
     0.20536707    96.67884    97.66965    98.48877    98.72501    98.97180    99.20192    99.96132   100.04422   100.24801   100.32591   100.38610   100.45425
     0.20673791    96.73061    97.64539    98.51582    98.73230    98.96107    99.17842    99.96651   100.04722   100.25005   100.32457   100.38534   100.45062
     0.20810874    96.78210    97.61921    98.54251    98.73965    98.95069    99.15482    99.97187   100.04950   100.25223   100.32270   100.38528   100.44695
     0.20947958    96.83323    97.59114    98.56871    98.74699    98.94079    99.13116    99.97739   100.05104   100.25459   100.32032   100.38587   100.44326
     0.21085041    96.88392    97.56121    98.59430    98.75416    98.93160    99.10755    99.98302   100.05181   100.25715   100.31750   100.38703   100.43954
     0.21222125    96.93409    97.52947    98.61913    98.76094    98.92339    99.08407    99.98874   100.05181   100.25994   100.31430   100.38869   100.43580
     0.21359208    96.98364    97.49595    98.64302    98.76697    98.91662    99.06085    99.99450   100.05103   100.26295   100.31081   100.39077   100.43206
     0.21496292    97.03249    97.46073    98.66575    98.77168    98.91189    99.03804   100.00025   100.04951   100.26620   100.30708   100.39318   100.42832
     0.21633376    97.08055    97.42388    98.68709    98.77438    98.90998    99.01586   100.00596   100.04727   100.26967   100.30318   100.39586   100.42459
     0.21770459    97.12772    97.38545    98.70677    98.77431    98.91163    98.99457   100.01157   100.04437   100.27334   100.29916   100.39876   100.42089
     0.21907543    97.17391    97.34554    98.72452    98.77095    98.91729    98.97450   100.01701   100.04086   100.27716   100.29507   100.40182   100.41724
     0.22044626    97.21901    97.30424    98.74004    98.76421    98.92693    98.95611   100.02223   100.03680   100.28109   100.29100   100.40500   100.41367
     0.22181710    97.25986    97.26469    98.75219    98.75512    98.93965    98.94037   100.02717   100.03225   100.28461   100.28742   100.40792   100.41054
     0.22181710    97.25986    97.26469    98.75219    98.75512    98.93965    98.94037   100.02717   100.03225   100.28461   100.28742   100.40792   100.41054
     0.22371958    97.21596    97.30201    98.74241    98.76485    98.92714    98.95524   100.02193   100.03640   100.27800   100.28752   100.40696   100.41572
     0.22562206    97.16775    97.34242    98.73031    98.77007    98.91933    98.97205   100.01634   100.03999   100.27151   100.28795   100.40568   100.42144
     0.22752454    97.11852    97.38274    98.71657    98.76955    98.91727    98.99024   100.01022   100.04305   100.26576   100.28830   100.40440   100.42732
     0.22942702    97.06849    97.42282    98.70115    98.76389    98.92058    99.00959   100.00343   100.04562   100.26087   100.28859   100.40314   100.43328
     0.23132950    97.01787    97.46253    98.68419    98.75428    98.92817    99.02982    99.99582   100.04776   100.25693   100.28884   100.40189   100.43929
     0.23323199    96.96684    97.50172    98.66595    98.74181    98.93894    99.05064    99.98730   100.04948   100.25398   100.28912   100.40065   100.44532
     0.23513447    96.91560    97.54025    98.64674    98.72721    98.95209    99.07177    99.97781   100.05079   100.25203   100.28949   100.39941   100.45134
     0.23703695    96.86431    97.57798    98.62688    98.71086    98.96713    99.09295    99.96734   100.05168   100.25104   100.28999   100.39817   100.45732
     0.23893943    96.81314    97.61474    98.60663    98.69299    98.98374    99.11398    99.95594   100.05210   100.25097   100.29070   100.39694   100.46323
     0.24084191    96.76221    97.65036    98.58622    98.67374    99.00169    99.13469    99.94366   100.05201   100.25172   100.29168   100.39570   100.46905
     0.24274439    96.71168    97.68468    98.56574    98.65330    99.02084    99.15495    99.93061   100.05137   100.25321   100.29301   100.39447   100.47475
     0.24464687    96.66165    97.71750    98.54521    98.63189    99.04101    99.17463    99.91688   100.05012   100.25530   100.29477   100.39324   100.48032
     0.24654935    96.61224    97.74862    98.52454    98.60989    99.06207    99.19365    99.90261   100.04822   100.25788   100.29702   100.39204   100.48573
     0.24845183    96.56354    97.77781    98.50343    98.58781    99.08385    99.21193    99.88792   100.04563   100.26080   100.29984   100.39085   100.49096
     0.25035431    96.51564    97.80480    98.48146    98.56639    99.10618    99.22942    99.87296   100.04232   100.26395   100.30325   100.38972   100.49599
     0.25225680    96.46861    97.82932    98.45805    98.54648    99.12889    99.24609    99.85786   100.03830   100.26721   100.30728   100.38865   100.50079
     0.25415928    96.42251    97.85103    98.43273    98.52891    99.15175    99.26192    99.84277   100.03356   100.27052   100.31187   100.38770   100.50537
     0.25606176    96.37740    97.86955    98.40535    98.51423    99.17452    99.27697    99.82786   100.02812   100.27384   100.31694   100.38690   100.50969
     0.25796424    96.33333    97.88441    98.37615    98.50265    99.19686    99.29135    99.81328   100.02200   100.27715   100.32234   100.38635   100.51375
     0.25986672    96.29032    97.89510    98.34570    98.49415    99.21837    99.30526    99.79919   100.01523   100.28046   100.32787   100.38613   100.51754
     0.26176920    96.24841    97.90100    98.31479    98.48855    99.23848    99.31905    99.78578   100.00786   100.28378   100.33330   100.38642   100.52104
     0.26367168    96.20761    97.90141    98.28434    98.48567    99.25651    99.33324    99.77320    99.99991   100.28711   100.33833   100.38739   100.52426
     0.26557416    96.16796    97.89555    98.25537    98.48526    99.27175    99.34836    99.76163    99.99143   100.29047   100.34268   100.38927   100.52718
     0.26747664    96.12944    97.88274    98.22887    98.48704    99.28372    99.36477    99.75119    99.98247   100.29387   100.34610   100.39222   100.52981
     0.26937912    96.09209    97.86249    98.20566    98.49068    99.29236    99.38242    99.74203    99.97307   100.29728   100.34849   100.39628   100.53215
     0.27128161    96.05589    97.83477    98.18616    98.49584    99.29799    99.40092    99.73423    99.96329   100.30072   100.34994   100.40130   100.53420
     0.27318409    96.02085    97.80000    98.17034    98.50214    99.30110    99.41980    99.72785    99.95317   100.30417   100.35062   100.40707   100.53597
     0.27508657    95.98697    97.75899    98.15782    98.50920    99.30217    99.43862    99.72290    99.94276   100.30761   100.35074   100.41334   100.53746
     0.27698905    95.95426    97.71267    98.14806    98.51667    99.30163    99.45705    99.71937    99.93212   100.31102   100.35048   100.41989   100.53869
     0.27889153    95.92272    97.66198    98.14054    98.52418    99.29988    99.47483    99.71719    99.92129   100.31439   100.34997   100.42657   100.53967
     0.28079401    95.89235    97.60772    98.13485    98.53144    99.29729    99.49175    99.71629    99.91035   100.31769   100.34932   100.43325   100.54042
     0.28269649    95.86318    97.55060    98.13067    98.53816    99.29421    99.50765    99.71656    99.89934   100.32091   100.34860   100.43985   100.54094
     0.28459897    95.83522    97.49122    98.12775    98.54410    99.29096    99.52240    99.71789    99.88833   100.32401   100.34786   100.44628   100.54126
     0.28650145    95.80852    97.43010    98.12595    98.54908    99.28781    99.53590    99.72016    99.87739   100.32697   100.34716   100.45251   100.54140
     0.28840394    95.78312    97.36775    98.12513    98.55295    99.28502    99.54808    99.72324    99.86660   100.32977   100.34654   100.45848   100.54138
     0.29030642    95.75908    97.30463    98.12519    98.55561    99.28277    99.55890    99.72699    99.85603   100.33237   100.34602   100.46417   100.54122
     0.29220890    95.73650    97.24121    98.12605    98.55703    99.28120    99.56834    99.73129    99.84577   100.33472   100.34567   100.46954   100.54093
     0.29411138    95.71548    97.17798    98.12761    98.55723    99.28039    99.57640    99.73597    99.83591   100.33675   100.34555   100.47458   100.54055
     0.29601386    95.69616    97.11547    98.12979    98.55626    99.28036    99.58314    99.74089    99.82653   100.33838   100.34574   100.47927   100.54010
     0.29791634    95.67870    97.05424    98.13249    98.55425    99.28110    99.58861    99.74590    99.81773   100.33953   100.34630   100.48358   100.53959
     0.29981882    95.66327    96.99491    98.13559    98.55137    99.28251    99.59290    99.75087    99.80958   100.34023   100.34719   100.48752   100.53905
     0.30172130    95.65004    96.93819    98.13897    98.54781    99.28448    99.59612    99.75565    99.80218   100.34063   100.34826   100.49107   100.53850
     0.30362378    95.63915    96.88483    98.14249    98.54381    99.28686    99.59841    99.76013    99.79559   100.34087   100.34936   100.49421   100.53796
     0.30552626    95.63066    96.83568    98.14600    98.53962    99.28946    99.59990    99.76420    99.78985   100.34102   100.35039   100.49695   100.53745
     0.30742875    95.62451    96.79168    98.14934    98.53550    99.29211    99.60075    99.76778    99.78500   100.34114   100.35130   100.49928   100.53699
     0.30933123    95.62049    96.75379    98.15236    98.53169    99.29460    99.60114    99.77080    99.78105   100.34124   100.35206   100.50119   100.53659
     0.31123371    95.61819    96.72299    98.15490    98.52845    99.29675    99.60123    99.77321    99.77799   100.34132   100.35266   100.50268   100.53627
     0.31313619    95.61711    96.70021    98.15682    98.52597    99.29842    99.60117    99.77495    99.77582   100.34138   100.35309   100.50374   100.53603
     0.31503867    95.61673    96.68619    98.15803    98.52441    99.29947    99.60108    99.77453    99.77601   100.34142   100.35335   100.50438   100.53588
     0.31694115    95.61665    96.68146    98.15843    98.52388    99.29983    99.60104    99.77410    99.77636   100.34143   100.35343   100.50459   100.53583
     0.31694115    95.61665    96.68146    98.15843    98.52388    99.29983    99.60104    99.77410    99.77636   100.34143   100.35343   100.50459   100.53583
     0.31831199    95.61951    96.68324    98.15826    98.52444    99.29948    99.60110    99.77444    99.77603   100.34153   100.35339   100.50440   100.53586
     0.31968282    95.62799    96.68856    98.15775    98.52611    99.29845    99.60126    99.77501    99.77547   100.34183   100.35327   100.50382   100.53593
     0.32105366    95.64175    96.69736    98.15689    98.52887    99.29673    99.60155    99.77330    99.77717   100.34234   100.35306   100.50285   100.53606
     0.32242449    95.66032    96.70955    98.15572    98.53269    99.29435    99.60195    99.77090    99.77954   100.34304   100.35277   100.50149   100.53624
     0.32379533    95.68313    96.72500    98.15423    98.53751    99.29133    99.60249    99.76781    99.78254   100.34396   100.35240   100.49975   100.53647
     0.32516617    95.70962    96.74357    98.15244    98.54328    99.28769    99.60318    99.76399    99.78616   100.34508   100.35193   100.49763   100.53674
     0.32653700    95.73925    96.76509    98.15037    98.54994    99.28346    99.60403    99.75944    99.79036   100.34643   100.35138   100.49512   100.53706
     0.32790784    95.77153    96.78938    98.14803    98.55742    99.27868    99.60506    99.75415    99.79511   100.34799   100.35074   100.49223   100.53743
     0.32927867    95.80606    96.81627    98.14543    98.56563    99.27337    99.60629    99.74809    99.80038   100.34977   100.35000   100.48895   100.53785
     0.33064951    95.84247    96.84557    98.14259    98.57449    99.26757    99.60774    99.74123    99.80614   100.34917   100.35178   100.48530   100.53830
     0.33202034    95.88048    96.87709    98.13949    98.58393    99.26131    99.60945    99.73357    99.81234   100.34824   100.35402   100.48128   100.53880
     0.33339118    95.91983    96.91066    98.13615    98.59385    99.25464    99.61143    99.72508    99.81896   100.34720   100.35650   100.47688   100.53933
     0.33476202    95.96033    96.94611    98.13256    98.60416    99.24758    99.61372    99.71574    99.82596   100.34605   100.35921   100.47210   100.53990
     0.33613285    96.00180    96.98329    98.12871    98.61479    99.24016    99.61635    99.70552    99.83330   100.34480   100.36215   100.46696   100.54050
     0.33750369    96.04409    97.02204    98.12458    98.62565    99.23242    99.61935    99.69440    99.84096   100.34342   100.36533   100.46146   100.54112
     0.33887452    96.08709    97.06223    98.12016    98.63667    99.22439    99.62276    99.68236    99.84890   100.34193   100.36873   100.45559   100.54178
     0.34024536    96.13068    97.10371    98.11542    98.64775    99.21609    99.62661    99.66939    99.85709   100.34031   100.37236   100.44937   100.54245
     0.34161619    96.17478    97.14638    98.11033    98.65883    99.20756    99.63092    99.65546    99.86551   100.33856   100.37622   100.44279   100.54313
     0.34298703    96.21929    97.19011    98.10486    98.66984    99.19881    99.63575    99.64055    99.87414   100.33668   100.38028   100.43586   100.54383
     0.34435787    96.26416    97.23480    98.09898    98.68072    99.18987    99.62466    99.64111    99.88293   100.33465   100.38455   100.42859   100.54453
     0.34572870    96.30931    97.28036    98.09265    98.69142    99.18076    99.60777    99.64703    99.89188   100.33249   100.38901   100.42097   100.54523
     0.34709954    96.35469    97.32669    98.08582    98.70187    99.17150    99.58985    99.65353    99.90095   100.33017   100.39365   100.41303   100.54592
     0.34847037    96.40024    97.37370    98.07846    98.71206    99.16211    99.57092    99.66064    99.91013   100.32770   100.39846   100.40475   100.54659
     0.34984121    96.44591    97.42132    98.07052    98.72193    99.15262    99.55095    99.66837    99.91939   100.32508   100.39616   100.40341   100.54725
     0.35121205    96.49166    97.46946    98.06195    98.73147    99.14302    99.52994    99.67673    99.92871   100.32229   100.38725   100.40850   100.54787
     0.35258288    96.53742    97.51807    98.05270    98.74067    99.13336    99.50789    99.68573    99.93806   100.31933   100.37804   100.41371   100.54846
     0.35395372    96.58317    97.56706    98.04273    98.74951    99.12363    99.48479    99.69535    99.94744   100.31621   100.36853   100.41901   100.54900
     0.35532455    96.62886    97.61639    98.03200    98.75800    99.11385    99.46065    99.70561    99.95680   100.31291   100.35874   100.42440   100.54948
     0.35669539    96.67445    97.66598    98.02044    98.76615    99.10404    99.43546    99.71647    99.96613   100.30944   100.34869   100.42985   100.54991
     0.35806622    96.71990    97.71579    98.00802    98.77398    99.09421    99.40923    99.72792    99.97541   100.30579   100.33838   100.43534   100.55026
     0.35943706    96.76516    97.76575    97.99469    98.78151    99.08437    99.38196    99.73993    99.98460   100.30195   100.32785   100.44085   100.55053
     0.36080790    96.81021    97.81582    97.98042    98.78877    99.07454    99.35365    99.75248    99.99367   100.29793   100.31711   100.44637   100.55070
     0.36217873    96.85499    97.86593    97.96516    98.79580    99.06473    99.32433    99.76553   100.00258   100.29372   100.30621   100.45187   100.55078
     0.36354957    96.89948    97.91606    97.94888    98.80262    99.05495    99.29399    99.77904   100.01130   100.28927   100.29523   100.45735   100.55074
     0.36492040    96.94363    97.93155    97.96614    98.80928    99.04522    99.26265    99.79297   100.01975   100.28333   100.28546   100.46277   100.55059
     0.36629124    96.98740    97.91315    98.01614    98.81581    99.03553    99.23032    99.80727   100.02789   100.27260   100.28029   100.46812   100.55031
     0.36766207    97.03076    97.89365    98.06601    98.82226    99.02592    99.19702    99.82189   100.03561   100.26152   100.27535   100.47338   100.54988
     0.36903291    97.07367    97.87304    98.11571    98.82866    99.01638    99.16276    99.83679   100.04282   100.25056   100.27027   100.47855   100.54931
     0.37040375    97.11609    97.85131    98.16519    98.83504    99.00693    99.12756    99.85191   100.04936   100.23989   100.26506   100.48360   100.54859
     0.37177458    97.15798    97.82845    98.21442    98.84144    98.99757    99.09144    99.86720   100.05504   100.22971   100.25971   100.48851   100.54770
     0.37314542    97.19931    97.80445    98.26335    98.84789    98.98833    99.05442    99.88260   100.05961   100.22027   100.25422   100.49329   100.54663
     0.37451625    97.24002    97.77933    98.31196    98.85442    98.97921    99.01652    99.89807   100.06276   100.21187   100.24863   100.49790   100.54539
     0.37588709    97.28010    97.75308    98.36019    98.86104    98.97021    98.97776    99.91353   100.06417   100.20486   100.24295   100.50235   100.54396
     0.37725792    97.31948    97.72573    98.40803    98.86779    98.93816    98.96136    99.92893   100.06348   100.19957   100.23721   100.50662   100.54234
     0.37862876    97.35815    97.69728    98.45542    98.87467    98.89776    98.95265    99.94419   100.06049   100.19623   100.23145   100.51070   100.54053
     0.37999960    97.39606    97.66776    98.50233    98.85658    98.88169    98.94409    99.95923   100.05517   100.19487   100.22572   100.51459   100.53851
     0.38137043    97.43316    97.63719    98.54874    98.81464    98.88888    98.93570    99.97396   100.04768   100.19533   100.22009   100.51827   100.53630
     0.38274127    97.46943    97.60560    98.59460    98.77197    98.89623    98.92749    99.98825   100.03833   100.19732   100.21464   100.52172   100.53390
     0.38411210    97.50480    97.57304    98.63988    98.72860    98.90372    98.91946   100.00193   100.02751   100.20048   100.20951   100.52487   100.53138
     0.38548294    97.53701    97.54177    98.68404    98.68508    98.91042    98.91259   100.01291   100.01747   100.20375   100.20560   100.52691   100.52956
     0.38548294    97.53701    97.54177    98.68404    98.68508    98.91042    98.91259   100.01291   100.01747   100.20375   100.20560   100.52691   100.52956
     0.38751205    97.50363    97.57204    98.64043    98.72900    98.90376    98.91952   100.00199   100.02755   100.20039   100.20941   100.52471   100.53122
     0.38954116    97.46445    97.60191    98.59708    98.77326    98.89636    98.92773    99.98854   100.03841   100.19698   100.21424   100.52107   100.53328
     0.39157027    97.42127    97.62956    98.55501    98.81692    98.88913    98.93632    99.97471   100.04773   100.19463   100.21917   100.51682   100.53490
     0.39359938    97.37373    97.65538    98.51468    98.85946    98.88217    98.94531    99.96075   100.05504   100.19374   100.22407   100.51203   100.53606
     0.39562849    97.32153    97.67972    98.47649    98.87458    98.90142    98.95473    99.94687   100.05994   100.19468   100.22884   100.50674   100.53676
     0.39765760    97.26451    97.70287    98.44076    98.86768    98.94115    98.96463    99.93323   100.06218   100.19763   100.23341   100.50098   100.53703
     0.39968671    97.20260    97.72512    98.40772    98.86063    98.97497    98.97925    99.92000   100.06181   100.20255   100.23774   100.49479   100.53688
     0.40171582    97.13588    97.74669    98.37750    98.85348    98.98592    99.01532    99.90733   100.05908   100.20916   100.24178   100.48822   100.53634
     0.40374493    97.06457    97.76778    98.35009    98.84619    98.99739    99.04933    99.89535   100.05435   100.21709   100.24552   100.48132   100.53546
     0.40577404    96.98901    97.78855    98.32544    98.83869    99.00945    99.08114    99.88420   100.04804   100.22593   100.24893   100.47415   100.53425
     0.40780316    96.90965    97.80915    98.30338    98.83094    99.02209    99.11070    99.87400   100.04047   100.23534   100.25200   100.46680   100.53276
     0.40983227    96.82699    97.82967    98.28372    98.82289    99.03535    99.13797    99.86484   100.03194   100.24505   100.25472   100.45932   100.53101
     0.41186138    96.74163    97.85021    98.26624    98.81447    99.04922    99.16299    99.85680   100.02266   100.25477   100.25717   100.45181   100.52903
     0.41389049    96.65418    97.87083    98.25068    98.80564    99.06371    99.18578    99.84993   100.01279   100.25894   100.26476   100.44436   100.52686
     0.41591960    96.56528    97.89157    98.23680    98.79636    99.07881    99.20643    99.84425   100.00247   100.26057   100.27438   100.43706   100.52451
     0.41794871    96.47559    97.91248    98.22439    98.78659    99.09451    99.22506    99.83976    99.99180   100.26181   100.28381   100.42999   100.52201
     0.41997782    96.38577    97.93357    98.21321    98.77629    99.11080    99.24180    99.83640    99.98088   100.26267   100.29297   100.42327   100.51938
     0.42200693    96.29645    97.95484    98.20309    98.76544    99.12764    99.25683    99.83409    99.96977   100.26316   100.30183   100.41697   100.51665
     0.42403604    96.20826    97.97629    98.19383    98.75404    99.14502    99.27033    99.83273    99.95856   100.26331   100.31037   100.41117   100.51382
     0.42606515    96.12181    97.99790    98.18530    98.74209    99.16288    99.28249    99.83217    99.94729   100.26313   100.31856   100.40596   100.51092
     0.42809426    96.03768    98.01965    98.17735    98.72960    99.18119    99.29352    99.83228    99.93604   100.26264   100.32641   100.40140   100.50795
     0.43012337    95.95640    98.04150    98.16987    98.71659    99.19990    99.30360    99.83291    99.92484   100.26188   100.33391   100.39752   100.50492
     0.43215248    95.87846    98.06340    98.16278    98.70312    99.21894    99.31292    99.83389    99.91375   100.26089   100.34105   100.39437   100.50185
     0.43418159    95.80428    98.08532    98.15598    98.68923    99.23827    99.32164    99.83509    99.90281   100.25972   100.34785   100.39196   100.49873
     0.43621070    95.73425    98.10718    98.14942    98.67498    99.25782    99.32989    99.83638    99.89208   100.25839   100.35431   100.39029   100.49557
     0.43823981    95.66864    98.12894    98.14304    98.66044    99.27751    99.33780    99.83765    99.88159   100.25697   100.36042   100.38935   100.49239
     0.44026892    95.60769    98.13681    98.15052    98.64570    99.29728    99.34545    99.83881    99.87139   100.25549   100.36620   100.38911   100.48917
     0.44229803    95.55151    98.13069    98.17184    98.63084    99.31705    99.35293    99.83979    99.86150   100.25399   100.37165   100.38955   100.48592
     0.44432714    95.50018    98.12467    98.19284    98.61596    99.33673    99.36027    99.84056    99.85197   100.25248   100.37676   100.39064   100.48266
     0.44635625    95.45367    98.11874    98.21342    98.60115    99.35623    99.36753    99.84105    99.84285   100.25099   100.38153   100.39232   100.47938
     0.44838537    95.41189    98.11289    98.23351    98.58652    99.37411    99.37607    99.83405    99.84139   100.24953   100.38597   100.39455   100.47609
     0.45041448    95.37470    98.10714    98.25299    98.57218    99.38157    99.39461    99.82575    99.84143   100.24811   100.39010   100.39724   100.47280
     0.45244359    95.34189    98.10148    98.27177    98.55825    99.38851    99.41314    99.81790    99.84126   100.24672   100.39399   100.40028   100.46952
     0.45447270    95.31325    98.09593    98.28973    98.54485    99.39530    99.43119    99.81051    99.84090   100.24538   100.39772   100.40352   100.46626
     0.45650181    95.28850    98.09052    98.30675    98.53211    99.40191    99.44867    99.80362    99.84039   100.24408   100.40135   100.40684   100.46303
     0.45853092    95.26737    98.08527    98.32267    98.52020    99.40832    99.46548    99.79722    99.83977   100.24282   100.40489   100.41016   100.45986
     0.46056003    95.24957    98.08020    98.33731    98.50930    99.41449    99.48153    99.79133    99.83907   100.24160   100.40831   100.41344   100.45675
     0.46258914    95.23479    98.07534    98.35047    98.49962    99.42038    99.49676    99.78595    99.83832   100.24043   100.41155   100.41668   100.45374
     0.46461825    95.22273    98.07071    98.36189    98.49141    99.42594    99.51107    99.78107    99.83756   100.23931   100.41456   100.41986   100.45085
     0.46664736    95.21308    98.06636    98.37129    98.48497    99.43115    99.52439    99.77671    99.83681   100.23824   100.41729   100.42298   100.44810
     0.46867647    95.20552    98.06231    98.37842    98.48052    99.43597    99.53665    99.77284    99.83610   100.23724   100.41972   100.42598   100.44553
     0.47070558    95.19973    98.05859    98.38318    98.47818    99.44036    99.54777    99.76946    99.83544   100.23631   100.42185   100.42880   100.44319
     0.47273469    95.19543    98.05523    98.38571    98.47779    99.44430    99.55771    99.76656    99.83485   100.23546   100.42368   100.43135   100.44114
     0.47476380    95.19232    98.05226    98.38647    98.47890    99.44776    99.56640    99.76412    99.83434   100.23470   100.42521   100.43349   100.43951
     0.47679291    95.19015    98.04970    98.38604    98.48091    99.45072    99.57381    99.76211    99.83390   100.23404   100.42644   100.43481   100.43870
     0.47882202    95.18870    98.04758    98.38499    98.48327    99.45316    99.57991    99.76052    99.83354   100.23349   100.42735   100.43486   100.43916
     0.48085113    95.18778    98.04590    98.38377    98.48551    99.45508    99.58467    99.75931    99.83326   100.23305   100.42796   100.43437   100.44015
     0.48288024    95.18722    98.04470    98.38270    98.48731    99.45645    99.58808    99.75847    99.83307   100.23274   100.42830   100.43396   100.44102
     0.48490935    95.18693    98.04397    98.38199    98.48846    99.45728    99.59013    99.75797    99.83295   100.23254   100.42844   100.43374   100.44158
     0.48693846    95.18685    98.04372    98.38174    98.48886    99.45755    99.59082    99.75781    99.83291   100.23248   100.42847   100.43368   100.44177
