     0.00000000    94.60428    96.86780    96.98594    97.54664    98.06004    98.27136    98.43457    98.80174    98.88252    99.01363   101.08072   101.52087
     0.00138225    94.60423    96.86761    96.98614    97.54641    98.05988    98.27127    98.43474    98.80163    98.88250    99.01354   101.08070   101.52084
     0.00276451    94.60408    96.86703    96.98675    97.54575    98.05940    98.27102    98.43526    98.80128    98.88242    99.01330   101.08063   101.52077
     0.00414676    94.60384    96.86600    96.98781    97.54466    98.05861    98.27058    98.43612    98.80070    98.88230    99.01289   101.08051   101.52065
     0.00552901    94.60351    96.86445    96.98937    97.54314    98.05751    98.26995    98.43734    98.79990    98.88212    99.01233   101.08034   101.52049
     0.00691126    94.60309    96.86226    96.99150    97.54121    98.05609    98.26911    98.43892    98.79887    98.88190    99.01161   101.08013   101.52027
     0.00829352    94.60258    96.85931    96.99426    97.53891    98.05438    98.26804    98.44088    98.79763    98.88162    99.01073   101.07988   101.52002
     0.00967577    94.60199    96.85547    96.99774    97.53624    98.05236    98.26672    98.44323    98.79617    98.88129    99.00972   101.07957   101.51971
     0.01105802    94.60132    96.85062    97.00198    97.53325    98.05005    98.26512    98.44597    98.79451    98.88091    99.00856   101.07923   101.51937
     0.01244027    94.60058    96.84464    97.00701    97.52997    98.04746    98.26324    98.44911    98.79265    98.88048    99.00727   101.07884   101.51898
     0.01382253    94.59978    96.83741    97.01287    97.52642    98.04459    98.26104    98.45266    98.79060    98.87998    99.00586   101.07841   101.51854
     0.01520478    94.59892    96.82884    97.01955    97.52266    98.04145    98.25851    98.45661    98.78838    98.87944    99.00433   101.07794   101.51807
     0.01658703    94.59800    96.81885    97.02703    97.51871    98.03805    98.25565    98.46097    98.78598    98.87883    99.00270   101.07743   101.51756
     0.01796929    94.59704    96.80735    97.03527    97.51464    98.03441    98.25244    98.46572    98.78343    98.87817    99.00097   101.07688   101.51701
     0.01935154    94.59604    96.79428    97.04424    97.51047    98.03054    98.24889    98.47085    98.78073    98.87745    98.99916   101.07629   101.51643
     0.02073379    94.59500    96.77956    97.05388    97.50626    98.02645    98.24499    98.47636    98.77790    98.87667    98.99729   101.07567   101.51581
     0.02211604    94.59394    96.76312    97.06415    97.50205    98.02214    98.24075    98.48221    98.77494    98.87582    98.99535   101.07502   101.51517
     0.02349830    94.59287    96.74491    97.07499    97.49788    98.01765    98.23618    98.48839    98.77187    98.87492    98.99338   101.07434   101.51449
     0.02488055    94.59177    96.72485    97.08634    97.49378    98.01298    98.23129    98.49489    98.76870    98.87394    98.99138   101.07363   101.51379
     0.02626280    94.59067    96.70289    97.09815    97.48981    98.00816    98.22609    98.50167    98.76545    98.87289    98.98936   101.07289   101.51307
     0.02764505    94.58958    96.67898    97.11036    97.48599    98.00319    98.22059    98.50871    98.76212    98.87177    98.98734   101.07214   101.51232
     0.02902731    94.58848    96.65305    97.12292    97.48234    97.99810    98.21482    98.51599    98.75874    98.87057    98.98534   101.07136   101.51156
     0.03040956    94.58740    96.62508    97.13577    97.47890    97.99291    98.20878    98.52349    98.75530    98.86929    98.98337   101.07057   101.51078
     0.03179181    94.58633    96.59502    97.14886    97.47569    97.98764    98.20250    98.53118    98.75184    98.86791    98.98145   101.06976   101.50999
     0.03317407    94.58528    96.56284    97.16213    97.47272    97.98230    98.19600    98.53905    98.74836    98.86643    98.97958   101.06895   101.50920
     0.03455632    94.58426    96.52853    97.17554    97.46999    97.97694    98.18930    98.54705    98.74487    98.86484    98.97779   101.06812   101.50839
     0.03593857    94.58326    96.49207    97.18903    97.46753    97.97156    98.18242    98.55518    98.74139    98.86313    98.97609   101.06730   101.50759
     0.03732082    94.58231    96.45347    97.20255    97.46533    97.96619    98.17538    98.56341    98.73793    98.86129    98.97448   101.06647   101.50679
     0.03870308    94.58139    96.41273    97.21605    97.46338    97.96086    98.16821    98.57173    98.73451    98.85932    98.97299   101.06565   101.50599
     0.04008533    94.58052    96.36987    97.22947    97.46169    97.95559    98.16094    98.58010    98.73114    98.85719    98.97161   101.06484   101.50520
     0.04146758    94.57969    96.32492    97.24277    97.46024    97.95040    98.15358    98.58851    98.72784    98.85490    98.97036   101.06403   101.50442
     0.04284983    94.57893    96.27793    97.25588    97.45902    97.94533    98.14618    98.59693    98.72461    98.85244    98.96923   101.06324   101.50366
     0.04423209    94.57823    96.22894    97.26877    97.45803    97.94040    98.13875    98.60535    98.72148    98.84981    98.96824   101.06247   101.50291
     0.04561434    94.57760    96.17800    97.28138    97.45724    97.93563    98.13134    98.61374    98.71845    98.84699    98.96738   101.06172   101.50219
     0.04699659    94.57707    96.12520    97.29366    97.45663    97.93104    98.12397    98.62208    98.71556    98.84399    98.96665   101.06099   101.50149
     0.04837885    94.57664    96.07060    97.30555    97.45620    97.92666    98.11668    98.63034    98.71281    98.84081    98.96604   101.06029   101.50082
     0.04976110    94.57635    96.01430    97.31700    97.45591    97.92252    98.10951    98.63849    98.71022    98.83743    98.96554   101.05961   101.50017
     0.05114335    94.57625    95.95639    97.32796    97.45576    97.91863    98.10251    98.64649    98.70783    98.83388    98.96515   101.05898   101.49956
     0.05252560    94.57643    95.89700    97.33838    97.45571    97.91501    98.09572    98.65428    98.70568    98.83016    98.96486   101.05837   101.49898
     0.05390786    94.57708    95.83623    97.34821    97.45576    97.91167    98.08918    98.66178    98.70383    98.82627    98.96466   101.05781   101.49845
     0.05529011    94.57859    95.77423    97.35739    97.45587    97.90863    98.08295    98.66887    98.70239    98.82224    98.96452   101.05729   101.49795
     0.05667236    94.58208    95.71115    97.36588    97.45604    97.90589    98.07707    98.67529    98.70157    98.81810    98.96445   101.05681   101.49749
     0.05805461    94.59133    95.64719    97.37363    97.45624    97.90346    98.07161    98.68062    98.70179    98.81387    98.96443   101.05637   101.49707
     0.05943687    94.61779    95.58257    97.38059    97.45646    97.90134    98.06661    98.68427    98.70356    98.80961    98.96444   101.05598   101.49670
     0.06081912    94.66703    95.51760    97.38673    97.45667    97.89953    98.06214    98.68609    98.70697    98.80538    98.96447   101.05565   101.49638
     0.06220137    94.72615    95.45269    97.39199    97.45687    97.89803    98.05825    98.68669    98.71133    98.80128    98.96452   101.05536   101.49610
     0.06358363    94.78766    95.38854    97.39636    97.45705    97.89681    98.05498    98.68670    98.71586    98.79743    98.96457   101.05512   101.49587
     0.06496588    94.84837    95.32642    97.39979    97.45720    97.89588    98.05239    98.68651    98.72000    98.79403    98.96462   101.05493   101.49570
     0.06634813    94.90489    95.26912    97.40225    97.45731    97.89522    98.05051    98.68629    98.72334    98.79130    98.96466   101.05480   101.49557
     0.06773038    94.95014    95.22346    97.40374    97.45737    97.89483    98.04937    98.68613    98.72552    98.78950    98.96469   101.05472   101.49549
     0.06911264    94.96915    95.20433    97.40424    97.45739    97.89470    98.04899    98.68608    98.72628    98.78887    98.96470   101.05469   101.49547
     0.06911264    94.96915    95.20433    97.40424    97.45739    97.89470    98.04899    98.68608    98.72628    98.78887    98.96470   101.05469   101.49547
     0.07133214    94.95121    95.22407    97.40326    97.45712    97.89488    98.04977    98.68597    98.72551    98.78968    98.96472   101.05474   101.49557
     0.07355165    94.90895    95.27171    97.40030    97.45634    97.89541    98.05211    98.68562    98.72337    98.79197    98.96477   101.05491   101.49588
     0.07577115    94.85723    95.33246    97.39531    97.45517    97.89628    98.05592    98.68487    98.72031    98.79541    98.96488   101.05519   101.49639
     0.07799066    94.80308    95.39940    97.38829    97.45373    97.89747    98.06110    98.68349    98.71692    98.79965    98.96505   101.05559   101.49709
     0.08021016    94.74986    95.46960    97.37925    97.45213    97.89897    98.06750    98.68113    98.71385    98.80439    98.96531   101.05609   101.49799
     0.08242967    94.70023    95.54161    97.36830    97.45041    97.90075    98.07495    98.67745    98.71163    98.80941    98.96568   101.05670   101.49906
     0.08464917    94.65845    95.61455    97.35560    97.44858    97.90278    98.08330    98.67232    98.71055    98.81453    98.96617   101.05742   101.50031
     0.08686868    94.63128    95.68776    97.34133    97.44662    97.90503    98.09236    98.66589    98.71055    98.81964    98.96682   101.05825   101.50171
     0.08908818    94.62008    95.76071    97.32569    97.44448    97.90746    98.10198    98.65838    98.71145    98.82468    98.96765   101.05918   101.50325
     0.09130769    94.61806    95.83290    97.30890    97.44211    97.91006    98.11199    98.65002    98.71308    98.82958    98.96868   101.06020   101.50492
     0.09352719    94.62021    95.90386    97.29116    97.43944    97.91279    98.12228    98.64098    98.71529    98.83431    98.96992   101.06132   101.50669
     0.09574670    94.62446    95.97314    97.27267    97.43641    97.91562    98.13273    98.63136    98.71798    98.83886    98.97138   101.06252   101.50855
     0.09796620    94.62996    96.04028    97.25362    97.43295    97.91852    98.14324    98.62123    98.72106    98.84322    98.97306   101.06380   101.51049
     0.10018571    94.63631    96.10482    97.23422    97.42899    97.92148    98.15375    98.61067    98.72447    98.84741    98.97494   101.06516   101.51246
     0.10240521    94.64328    96.16629    97.21466    97.42446    97.92447    98.16420    98.59973    98.72813    98.85144    98.97703   101.06657   101.51447
     0.10462471    94.65071    96.22424    97.19516    97.41927    97.92749    98.17457    98.58845    98.73196    98.85534    98.97929   101.06803   101.51648
     0.10684422    94.65851    96.27820    97.17596    97.41336    97.93051    98.18483    98.57690    98.73588    98.85915    98.98172   101.06953   101.51847
     0.10906372    94.66658    96.32768    97.15729    97.40664    97.93353    98.19499    98.56514    98.73978    98.86292    98.98427   101.07105   101.52042
     0.11128323    94.67486    96.37224    97.13942    97.39906    97.93656    98.20505    98.55323    98.74358    98.86669    98.98694   101.07258   101.52231
     0.11350273    94.68326    96.41141    97.12263    97.39053    97.93957    98.21503    98.54125    98.74717    98.87050    98.98968   101.07411   101.52413
     0.11572224    94.69172    96.44479    97.10718    97.38099    97.94258    98.22495    98.52928    98.75045    98.87439    98.99249   101.07562   101.52586
     0.11794174    94.70019    96.47200    97.09333    97.37041    97.94557    98.23484    98.51739    98.75333    98.87839    98.99534   101.07710   101.52747
     0.12016125    94.70859    96.49282    97.08125    97.35874    97.94854    98.24472    98.50568    98.75573    98.88250    98.99822   101.07853   101.52896
     0.12238075    94.71688    96.50714    97.07099    97.34598    97.95148    98.25461    98.49422    98.75758    98.88671    99.00112   101.07989   101.53031
     0.12460026    94.72498    96.51504    97.06248    97.33215    97.95438    98.26454    98.48310    98.75886    98.89101    99.00403   101.08118   101.53152
     0.12681976    94.73285    96.51683    97.05544    97.31730    97.95721    98.27451    98.47238    98.75955    98.89533    99.00695   101.08238   101.53258
     0.12903927    94.74043    96.51297    97.04945    97.30156    97.95997    98.28452    98.46214    98.75965    98.89963    99.00989   101.08347   101.53349
     0.13125877    94.74767    96.50407    97.04397    97.28509    97.96262    98.29456    98.45245    98.75918    98.90381    99.01286   101.08445   101.53423
     0.13347828    94.75450    96.49081    97.03836    97.26815    97.96515    98.30461    98.44336    98.75818    98.90780    99.01586   101.08531   101.53483
     0.13569778    94.76090    96.47390    97.03197    97.25106    97.96754    98.31463    98.43493    98.75671    98.91151    99.01890   101.08604   101.53527
     0.13791729    94.76680    96.45401    97.02413    97.23426    97.96978    98.32454    98.42723    98.75482    98.91485    99.02200   101.08663   101.53557
     0.14013679    94.77217    96.43179    97.01424    97.21822    97.97188    98.33423    98.42033    98.75258    98.91777    99.02517   101.08708   101.53573
     0.14235630    94.77695    96.40784    97.00179    97.20339    97.97383    98.34352    98.41438    98.75006    98.92018    99.02839   101.08739   101.53576
     0.14457580    94.78110    96.38272    96.98643    97.19015    97.97565    98.35207    98.40964    98.74735    98.92205    99.03167   101.08756   101.53567
     0.14679531    94.78458    96.35698    96.96810    97.17871    97.97738    98.35936    98.40657    98.74452    98.92333    99.03499   101.08760   101.53548
     0.14901481    94.78733    96.33113    96.94695    97.16905    97.97905    98.36458    98.40588    98.74167    98.92400    99.03834   101.08751   101.53520
     0.15123432    94.78930    96.30568    96.92334    97.16103    97.98073    98.36707    98.40813    98.73886    98.92405    99.04168   101.08730   101.53485
     0.15345382    94.79045    96.28113    96.89776    97.15440    97.98247    98.36706    98.41297    98.73621    98.92349    99.04500   101.08697   101.53443
     0.15567333    94.79071    96.25796    96.87072    97.14888    97.98434    98.36544    98.41940    98.73381    98.92233    99.04825   101.08655   101.53396
     0.15789283    94.79004    96.23665    96.84274    97.14422    97.98643    98.36299    98.42652    98.73175    98.92057    99.05141   101.08604   101.53347
     0.16011234    94.78839    96.21764    96.81430    97.14020    97.98881    98.36016    98.43377    98.73012    98.91825    99.05445   101.08547   101.53295
     0.16233184    94.78571    96.20132    96.78585    97.13664    97.99157    98.35714    98.44082    98.72902    98.91539    99.05733   101.08483   101.53243
     0.16455135    94.78200    96.18804    96.75784    97.13338    97.99478    98.35403    98.44745    98.72854    98.91201    99.06004   101.08416   101.53191
     0.16677085    94.77726    96.17804    96.73067    97.13030    97.99851    98.35088    98.45354    98.72874    98.90815    99.06255   101.08347   101.53142
     0.16899036    94.77152    96.17145    96.70475    97.12731    98.00280    98.34769    98.45900    98.72969    98.90383    99.06485   101.08278   101.53095
     0.17120986    94.76487    96.16827    96.68049    97.12432    98.00770    98.34447    98.46377    98.73141    98.89908    99.06692   101.08210   101.53052
     0.17342937    94.75745    96.16836    96.65831    97.12128    98.01319    98.34119    98.46784    98.73393    98.89395    99.06874   101.08145   101.53013
     0.17564887    94.74942    96.17140    96.63865    97.11816    98.01927    98.33787    98.47121    98.73722    98.88845    99.07031   101.08084   101.52979
     0.17786838    94.74099    96.17691    96.62195    97.11496    98.02587    98.33451    98.47392    98.74124    98.88265    99.07162   101.08029   101.52951
     0.18008788    94.73242    96.18428    96.60869    97.11170    98.03290    98.33112    98.47604    98.74593    98.87657    99.07267   101.07981   101.52927
     0.18008788    94.73242    96.18428    96.60869    97.11170    98.03290    98.33112    98.47604    98.74593    98.87657    99.07267   101.07981   101.52927
     0.18147013    94.73836    96.18151    96.61649    97.11482    98.02753    98.33175    98.46873    98.74597    98.88152    99.07238   101.08020   101.52950
     0.18285239    94.74660    96.18031    96.62514    97.11716    98.02295    98.33151    98.46153    98.74641    98.88636    99.07191   101.08062   101.52982
     0.18423464    94.75708    96.18069    96.63464    97.11868    98.01918    98.33041    98.45444    98.74724    98.89110    99.07126   101.08106   101.53021
     0.18561689    94.76973    96.18264    96.64494    97.11937    98.01625    98.32844    98.44750    98.74845    98.89571    99.07044   101.08153   101.53069
     0.18699914    94.78446    96.18614    96.65602    97.11920    98.01416    98.32560    98.44071    98.75004    98.90019    99.06945   101.08203   101.53124
     0.18838140    94.80117    96.19120    96.66784    97.11817    98.01292    98.32194    98.43407    98.75200    98.90454    99.06830   101.08254   101.53186
     0.18976365    94.81976    96.19777    96.68035    97.11629    98.01250    98.31750    98.42756    98.75430    98.90875    99.06700   101.08308   101.53256
     0.19114590    94.84012    96.20584    96.69351    97.11357    98.01290    98.31232    98.42116    98.75692    98.91281    99.06555   101.08363   101.53333
     0.19252816    94.86212    96.21536    96.70725    97.11002    98.01407    98.30649    98.41484    98.75986    98.91672    99.06396   101.08420   101.53417
     0.19391041    94.88566    96.22631    96.72151    97.10571    98.01598    98.30007    98.40856    98.76307    98.92048    99.06224   101.08478   101.53507
     0.19529266    94.91062    96.23864    96.73619    97.10068    98.01855    98.29315    98.40230    98.76654    98.92407    99.06039   101.08537   101.53603
     0.19667491    94.93687    96.25229    96.75121    97.09501    98.02172    98.28582    98.39603    98.77025    98.92750    99.05843   101.08596   101.53705
     0.19805717    94.96430    96.26722    96.76643    97.08883    98.02539    98.27817    98.38973    98.77415    98.93075    99.05637   101.08656   101.53813
     0.19943942    94.99279    96.28337    96.78169    97.08229    98.02943    98.27030    98.38341    98.77823    98.93383    99.05421   101.08716   101.53927
     0.20082167    95.02226    96.30066    96.79677    97.07558    98.03372    98.26231    98.37706    98.78245    98.93673    99.05198   101.08776   101.54045
     0.20220392    95.05258    96.31904    96.81140    97.06898    98.03808    98.25431    98.37073    98.78679    98.93943    99.04968   101.08835   101.54168
     0.20358618    95.08366    96.33842    96.82522    97.06285    98.04231    98.24641    98.36447    98.79121    98.94194    99.04733   101.08893   101.54295
     0.20496843    95.11541    96.35871    96.83775    97.05768    98.04619    98.23873    98.35834    98.79569    98.94424    99.04495   101.08950   101.54425
     0.20635068    95.14775    96.37982    96.84841    97.05405    98.04946    98.23138    98.35248    98.80018    98.94632    99.04255   101.09006   101.54559
     0.20773294    95.18058    96.40163    96.85656    97.05264    98.05183    98.22444    98.34704    98.80465    98.94818    99.04015   101.09059   101.54696
     0.20911519    95.21383    96.42402    96.86162    97.05406    98.05305    98.21798    98.34221    98.80907    98.94981    99.03777   101.09111   101.54836
     0.21049744    95.24743    96.44683    96.86327    97.05868    98.05287    98.21195    98.33825    98.81339    98.95120    99.03544   101.09160   101.54977
     0.21187969    95.28131    96.46985    96.86163    97.06649    98.05111    98.20623    98.33543    98.81759    98.95234    99.03318   101.09207   101.55120
     0.21326195    95.31540    96.49283    96.85719    97.07715    98.04772    98.20058    98.33404    98.82161    98.95324    99.03101   101.09251   101.55263
     0.21464420    95.34964    96.51541    96.85075    97.09010    98.04272    98.19473    98.33434    98.82541    98.95389    99.02894   101.09291   101.55407
     0.21602645    95.38398    96.53712    96.84326    97.10474    98.03622    98.18839    98.33649    98.82894    98.95431    99.02699   101.09329   101.55551
     0.21740870    95.41836    96.55727    96.83579    97.12056    98.02840    98.18136    98.34055    98.83214    98.95452    99.02518   101.09362   101.55695
     0.21879096    95.45272    96.57492    96.82961    97.13709    98.01943    98.17353    98.34646    98.83496    98.95454    99.02351   101.09393   101.55837
     0.22017321    95.48702    96.58886    96.82613    97.15398    98.00952    98.16492    98.35406    98.83734    98.95442    99.02197   101.09419   101.55977
     0.22155546    95.52121    96.59780    96.82682    97.17092    97.99881    98.15560    98.36314    98.83921    98.95418    99.02057   101.09442   101.56114
     0.22293772    95.55523    96.60075    96.83277    97.18763    97.98745    98.14573    98.37350    98.84053    98.95389    99.01928   101.09460   101.56249
     0.22431997    95.58906    96.59754    96.84422    97.20388    97.97555    98.13549    98.38492    98.84123    98.95360    99.01809   101.09474   101.56380
     0.22570222    95.62262    96.58880    96.86058    97.21944    97.96318    98.12507    98.39721    98.84127    98.95336    99.01698   101.09485   101.56507
     0.22708447    95.65589    96.57561    96.88081    97.23411    97.95040    98.11471    98.41021    98.84061    98.95320    99.01593   101.09491   101.56630
     0.22846673    95.68880    96.55902    96.90389    97.24767    97.93722    98.10465    98.42376    98.83923    98.95315    99.01490   101.09493   101.56747
     0.22984898    95.72130    96.53987    96.92895    97.25993    97.92363    98.09514    98.43774    98.83712    98.95323    99.01388   101.09491   101.56858
     0.23123123    95.75333    96.51882    96.95538    97.27073    97.90959    98.08646    98.45205    98.83430    98.95343    99.01284   101.09485   101.56963
     0.23261348    95.78481    96.49633    96.98268    97.27990    97.89507    98.07890    98.46658    98.83079    98.95375    99.01177   101.09475   101.57062
     0.23399574    95.81565    96.47278    97.01050    97.28732    97.87998    98.07271    98.48123    98.82664    98.95415    99.01064   101.09461   101.57153
     0.23537799    95.84575    96.44848    97.03851    97.29289    97.86429    98.06814    98.49594    98.82190    98.95460    99.00944   101.09444   101.57236
     0.23676024    95.87495    96.42371    97.06644    97.29660    97.84796    98.06538    98.51061    98.81662    98.95505    99.00816   101.09423   101.57311
     0.23814250    95.90305    96.39879    97.09397    97.29850    97.83100    98.06457    98.52516    98.81087    98.95547    99.00678   101.09398   101.57377
     0.23952475    95.92976    96.37407    97.12073    97.29878    97.81345    98.06577    98.53949    98.80474    98.95582    99.00530   101.09370   101.57435
     0.24090700    95.95469    96.35002    97.14615    97.29782    97.79540    98.06898    98.55352    98.79831    98.95606    99.00371   101.09339   101.57484
     0.24228925    95.97721    96.32729    97.16938    97.29636    97.77701    98.07414    98.56712    98.79169    98.95615    99.00202   101.09305   101.57523
     0.24367151    95.99645    96.30681    97.18892    97.29573    97.75848    98.08116    98.58016    98.78501    98.95606    99.00023   101.09268   101.57552
     0.24505376    96.01117    96.28985    97.20251    97.29803    97.74009    98.08989    98.59244    98.77844    98.95574    98.99834   101.09229   101.57571
     0.24643601    96.01983    96.27796    97.20808    97.30510    97.72223    98.10018    98.60374    98.77221    98.95519    98.99636   101.09188   101.57581
     0.24781826    96.02106    96.27253    97.20575    97.31649    97.70539    98.11185    98.61376    98.76660    98.95435    98.99432   101.09144   101.57580
     0.24920052    96.01435    96.27412    97.19757    97.32967    97.69021    98.12473    98.62209    98.76199    98.95322    98.99222   101.09099   101.57570
     0.24920052    96.01435    96.27412    97.19757    97.32967    97.69021    98.12473    98.62209    98.76199    98.95322    98.99222   101.09099   101.57570
     0.25083285    96.02092    96.27081    97.20384    97.31781    97.70651    98.11230    98.61300    98.76733    98.95365    98.99501   101.09176   101.57633
     0.25246519    96.02032    96.27355    97.20538    97.30504    97.72539    98.10155    98.60178    98.77396    98.95335    98.99802   101.09251   101.57683
     0.25409752    96.01278    96.28202    97.20098    97.29351    97.74576    98.09271    98.58903    98.78134    98.95247    99.00110   101.09321   101.57720
     0.25572986    95.99929    96.29509    97.19029    97.28433    97.76680    98.08601    98.57520    98.78903    98.95116    99.00414   101.09387   101.57744
     0.25736219    95.98110    96.31134    97.17447    97.27696    97.78787    98.08160    98.56063    98.79674    98.94951    99.00705   101.09449   101.57755
     0.25899453    95.95928    96.32947    97.15546    97.27002    97.80858    98.07961    98.54561    98.80422    98.94764    99.00977   101.09505   101.57752
     0.26062686    95.93462    96.34843    97.13499    97.26226    97.82863    98.08004    98.53034    98.81129    98.94564    99.01226   101.09556   101.57735
     0.26225920    95.90765    96.36743    97.11435    97.25296    97.84785    98.08284    98.51502    98.81777    98.94363    99.01450   101.09601   101.57705
     0.26389153    95.87869    96.38581    97.09447    97.24173    97.86614    98.08785    98.49983    98.82352    98.94171    99.01646   101.09639   101.57662
     0.26552387    95.84796    96.40304    97.07603    97.22847    97.88346    98.09486    98.48492    98.82839    98.94001    99.01816   101.09671   101.57606
     0.26715620    95.81556    96.41867    97.05957    97.21325    97.89981    98.10359    98.47046    98.83222    98.93865    99.01957   101.09697   101.57537
     0.26878854    95.78157    96.43234    97.04550    97.19626    97.91517    98.11377    98.45661    98.83490    98.93774    99.02073   101.09715   101.57456
     0.27042087    95.74602    96.44378    97.03406    97.17777    97.92951    98.12510    98.44356    98.83633    98.93737    99.02162   101.09727   101.57364
     0.27205321    95.70893    96.45281    97.02526    97.15821    97.94280    98.13736    98.43145    98.83646    98.93758    99.02229   101.09731   101.57260
     0.27368554    95.67031    96.45941    97.01882    97.13814    97.95496    98.15032    98.42046    98.83531    98.93833    99.02275   101.09729   101.57146
     0.27531788    95.63019    96.46368    97.01395    97.11848    97.96589    98.16383    98.41075    98.83293    98.93956    99.02303   101.09719   101.57022
     0.27695021    95.58858    96.46582    97.00909    97.10079    97.97552    98.17776    98.40246    98.82943    98.94114    99.02317   101.09703   101.56888
     0.27858255    95.54552    96.46616    97.00170    97.08744    97.98378    98.19201    98.39569    98.82494    98.94293    99.02322   101.09680   101.56747
     0.28021488    95.50107    96.46508    96.98929    97.08070    97.99065    98.20652    98.39054    98.81956    98.94476    99.02323   101.09650   101.56597
     0.28184722    95.45528    96.46298    96.97149    97.08061    97.99616    98.22121    98.38702    98.81343    98.94651    99.02326   101.09614   101.56441
     0.28347955    95.40825    96.46024    96.94990    97.08527    98.00042    98.23602    98.38512    98.80663    98.94802    99.02338   101.09572   101.56280
     0.28511189    95.36006    96.45720    96.92611    97.09274    98.00360    98.25086    98.38480    98.79924    98.94919    99.02365   101.09525   101.56113
     0.28674422    95.31081    96.45417    96.90117    97.10166    98.00594    98.26564    98.38596    98.79133    98.94991    99.02413   101.09472   101.55942
     0.28837656    95.26064    96.45139    96.87571    97.11115    98.00772    98.28024    98.38852    98.78295    98.95011    99.02487   101.09414   101.55767
     0.29000889    95.20966    96.44907    96.85011    97.12057    98.00924    98.29452    98.39237    98.77416    98.94973    99.02590   101.09351   101.55591
     0.29164123    95.15801    96.44735    96.82463    97.12944    98.01080    98.30833    98.39745    98.76499    98.94877    99.02722   101.09285   101.55413
     0.29327356    95.10583    96.44634    96.79949    97.13740    98.01269    98.32148    98.40369    98.75548    98.94721    99.02884   101.09215   101.55234
     0.29490590    95.05327    96.44611    96.77483    97.14417    98.01518    98.33380    98.41107    98.74566    98.94509    99.03071   101.09142   101.55056
     0.29653823    95.00049    96.44670    96.75080    97.14953    98.01848    98.34513    98.41952    98.73558    98.94245    99.03282   101.09067   101.54878
     0.29817057    94.94764    96.44812    96.72750    97.15334    98.02278    98.35539    98.42896    98.72525    98.93934    99.03510   101.08990   101.54703
     0.29980290    94.89489    96.45037    96.70504    97.15550    98.02819    98.36453    98.43926    98.71473    98.93580    99.03751   101.08911   101.54531
     0.30143524    94.84241    96.45339    96.68353    97.15598    98.03478    98.37258    98.45024    98.70406    98.93191    99.04002   101.08832   101.54362
     0.30306757    94.79038    96.45712    96.66306    97.15481    98.04259    98.37961    98.46167    98.69328    98.92771    99.04258   101.08753   101.54197
     0.30469991    94.73897    96.46147    96.64374    97.15206    98.05158    98.38571    98.47336    98.68245    98.92324    99.04516   101.08674   101.54038
     0.30633224    94.68839    96.46631    96.62569    97.14782    98.06170    98.39092    98.48508    98.67165    98.91857    99.04772   101.08596   101.53884
     0.30796458    94.63884    96.47144    96.60906    97.14226    98.07285    98.39530    98.49667    98.66095    98.91375    99.05022   101.08520   101.53737
     0.30959691    94.59054    96.47660    96.59406    97.13554    98.08492    98.39884    98.50796    98.65048    98.90882    99.05266   101.08446   101.53597
     0.31122925    94.54374    96.48143    96.58101    97.12786    98.09775    98.40156    98.51878    98.64035    98.90384    99.05500   101.08375   101.53465
     0.31286158    94.49869    96.48540    96.57032    97.11944    98.11118    98.40342    98.52897    98.63076    98.89886    99.05722   101.08308   101.53342
     0.31449392    94.45568    96.48785    96.56255    97.11051    98.12503    98.40439    98.53832    98.62192    98.89394    99.05931   101.08244   101.53227
     0.31612625    94.41502    96.48820    96.55817    97.10132    98.13912    98.40445    98.54655    98.61416    98.88915    99.06125   101.08185   101.53122
     0.31775859    94.37706    96.48634    96.55711    97.09210    98.15321    98.40358    98.55327    98.60791    98.88456    99.06302   101.08130   101.53026
     0.31939092    94.34217    96.48283    96.55868    97.08313    98.16708    98.40181    98.55796    98.60372    98.88023    99.06462   101.08081   101.52941
     0.32102326    94.31073    96.47851    96.56186    97.07465    98.18045    98.39923    98.56025    98.60198    98.87625    99.06602   101.08038   101.52866
     0.32265559    94.28316    96.47408    96.56575    97.06693    98.19298    98.39599    98.56039    98.60246    98.87270    99.06722   101.08001   101.52802
     0.32428793    94.25988    96.47004    96.56968    97.06020    98.20431    98.39238    98.55923    98.60427    98.86965    99.06822   101.07970   101.52750
     0.32592026    94.24128    96.46668    96.57317    97.05470    98.21395    98.38877    98.55766    98.60645    98.86718    99.06900   101.07945   101.52709
     0.32755260    94.22771    96.46419    96.57589    97.05062    98.22141    98.38564    98.55625    98.60836    98.86536    99.06956   101.07928   101.52679
     0.32918493    94.21945    96.46265    96.57760    97.04810    98.22615    98.38350    98.55532    98.60963    98.86425    99.06990   101.07917   101.52661
     0.33081727    94.21668    96.46214    96.57819    97.04725    98.22779    98.38273    98.55499    98.61007    98.86387    99.07002   101.07914   101.52656
     0.33081727    94.21668    96.46214    96.57819    97.04725    98.22779    98.38273    98.55499    98.61007    98.86387    99.07002   101.07914   101.52656
     0.33219952    94.21838    96.46248    96.57822    97.04769    98.22677    98.38320    98.55529    98.60991    98.86405    99.06988   101.07916   101.52660
     0.33358177    94.22345    96.46351    96.57831    97.04900    98.22378    98.38456    98.55616    98.60943    98.86457    99.06946   101.07922   101.52675
     0.33496403    94.23184    96.46522    96.57845    97.05117    98.21894    98.38670    98.55752    98.60871    98.86544    99.06877   101.07931   101.52699
     0.33634628    94.24343    96.46758    96.57868    97.05418    98.21246    98.38944    98.55922    98.60788    98.86664    99.06781   101.07945   101.52733
     0.33772853    94.25808    96.47056    96.57899    97.05803    98.20455    98.39261    98.56102    98.60715    98.86816    99.06657   101.07962   101.52776
     0.33911078    94.27563    96.47414    96.57943    97.06270    98.19542    98.39605    98.56259    98.60684    98.86999    99.06507   101.07982   101.52828
     0.34049304    94.29590    96.47824    96.58002    97.06814    98.18526    98.39963    98.56347    98.60734    98.87209    99.06330   101.08006   101.52890
     0.34187529    94.31869    96.48280    96.58083    97.07434    98.17424    98.40323    98.56323    98.60904    98.87445    99.06127   101.08033   101.52960
     0.34325754    94.34381    96.48771    96.58193    97.08127    98.16249    98.40680    98.56164    98.61215    98.87704    99.05899   101.08063   101.53040
     0.34463979    94.37108    96.49283    96.58344    97.08887    98.15013    98.41029    98.55868    98.61660    98.87984    99.05646   101.08096   101.53128
     0.34602205    94.40030    96.49798    96.58552    97.09712    98.13727    98.41366    98.55455    98.62220    98.88282    99.05369   101.08131   101.53224
     0.34740430    94.43130    96.50294    96.58833    97.10596    98.12397    98.41688    98.54945    98.62869    98.88595    99.05070   101.08169   101.53329
     0.34878655    94.46391    96.50745    96.59212    97.11536    98.11033    98.41994    98.54357    98.63585    98.88919    99.04750   101.08208   101.53441
     0.35016881    94.49799    96.51126    96.59709    97.12526    98.09639    98.42280    98.53708    98.64352    98.89253    99.04410   101.08249   101.53561
     0.35155106    94.53338    96.51413    96.60343    97.13562    98.08222    98.42542    98.53014    98.65155    98.89591    99.04053   101.08291   101.53688
     0.35293331    94.56996    96.51592    96.61123    97.14638    98.06786    98.42771    98.52291    98.65985    98.89930    99.03680   101.08334   101.53821
     0.35431556    94.60760    96.51658    96.62049    97.15749    98.05336    98.42955    98.51558    98.66832    98.90266    99.03295   101.08378   101.53961
     0.35569782    94.64619    96.51614    96.63114    97.16891    98.03876    98.43072    98.50843    98.67691    98.90593    99.02902   101.08422   101.54107
     0.35708007    94.68562    96.51463    96.64305    97.18057    98.02410    98.43091    98.50181    98.68555    98.90907    99.02505   101.08467   101.54258
     0.35846232    94.72580    96.51214    96.65610    97.19243    98.00943    98.42970    98.49621    98.69420    98.91198    99.02111   101.08511   101.54414
     0.35984457    94.76663    96.50871    96.67017    97.20443    97.99478    98.42663    98.49209    98.70281    98.91461    99.01726   101.08555   101.54574
     0.36122683    94.80803    96.50438    96.68514    97.21652    97.98018    98.42144    98.48979    98.71134    98.91684    99.01359   101.08599   101.54738
     0.36260908    94.84992    96.49918    96.70091    97.22867    97.96567    98.41416    98.48928    98.71976    98.91857    99.01021   101.08642   101.54905
     0.36399133    94.89222    96.49311    96.71739    97.24081    97.95128    98.40510    98.49030    98.72804    98.91968    99.00724   101.08683   101.55075
     0.36537359    94.93487    96.48617    96.73451    97.25290    97.93706    98.39463    98.49253    98.73615    98.92004    99.00477   101.08724   101.55246
     0.36675584    94.97778    96.47835    96.75218    97.26490    97.92303    98.38308    98.49566    98.74407    98.91957    99.00293   101.08763   101.55419
     0.36813809    95.02091    96.46962    96.77033    97.27676    97.90923    98.37068    98.49950    98.75177    98.91818    99.00178   101.08801   101.55592
     0.36952034    95.06418    96.45998    96.78889    97.28845    97.89569    98.35763    98.50390    98.75921    98.91587    99.00132   101.08837   101.55765
     0.37090260    95.10754    96.44939    96.80777    97.29992    97.88245    98.34406    98.50875    98.76639    98.91267    99.00153   101.08872   101.55937
     0.37228485    95.15092    96.43783    96.82690    97.31115    97.86953    98.33008    98.51399    98.77328    98.90868    99.00232   101.08905   101.56107
     0.37366710    95.19427    96.42527    96.84621    97.32210    97.85698    98.31578    98.51958    98.77983    98.90402    99.00360   101.08936   101.56275
     0.37504935    95.23753    96.41170    96.86559    97.33273    97.84481    98.30126    98.52546    98.78603    98.89881    99.00526   101.08965   101.56440
     0.37643161    95.28065    96.39710    96.88497    97.34301    97.83307    98.28660    98.53160    98.79182    98.89319    99.00720   101.08993   101.56601
     0.37781386    95.32356    96.38145    96.90424    97.35293    97.82177    98.27188    98.53798    98.79717    98.88730    99.00933   101.09018   101.56758
     0.37919611    95.36621    96.36473    96.92331    97.36244    97.81096    98.25720    98.54455    98.80199    98.88129    99.01157   101.09042   101.56909
     0.38057837    95.40853    96.34695    96.94206    97.37153    97.80065    98.24264    98.55128    98.80619    98.87533    99.01386   101.09064   101.57054
     0.38196062    95.45048    96.32811    96.96038    97.38016    97.79088    98.22830    98.55814    98.80961    98.86963    99.01615   101.09084   101.57193
     0.38334287    95.49197    96.30821    96.97814    97.38831    97.78168    98.21430    98.56509    98.81206    98.86446    99.01839   101.09102   101.57324
     0.38472512    95.53295    96.28728    96.99522    97.39596    97.77307    98.20074    98.57206    98.81325    98.86016    99.02056   101.09119   101.57448
     0.38610738    95.57332    96.26536    97.01149    97.40307    97.76508    98.18774    98.57900    98.81297    98.85702    99.02262   101.09133   101.57563
     0.38748963    95.61299    96.24250    97.02680    97.40962    97.75774    98.17542    98.58585    98.81114    98.85519    99.02454   101.09147   101.57668
     0.38887188    95.65185    96.21877    97.04102    97.41559    97.75108    98.16391    98.59252    98.80799    98.85452    99.02631   101.09158   101.57765
     0.39025413    95.68974    96.19431    97.05399    97.42094    97.74512    98.15336    98.59891    98.80396    98.85468    99.02791   101.09169   101.57851
     0.39163639    95.72644    96.16929    97.06559    97.42565    97.73990    98.14387    98.60492    98.79952    98.85530    99.02932   101.09177   101.57926
     0.39301864    95.76165    96.14401    97.07567    97.42968    97.73543    98.13559    98.61040    98.79507    98.85613    99.03053   101.09185   101.57990
     0.39440089    95.79482    96.11899    97.08412    97.43303    97.73174    98.12863    98.61521    98.79093    98.85698    99.03154   101.09191   101.58044
     0.39578315    95.82507    96.09509    97.09081    97.43565    97.72884    98.12309    98.61919    98.78739    98.85772    99.03233   101.09195   101.58085
     0.39716540    95.85074    96.07397    97.09566    97.43754    97.72676    98.11907    98.62217    98.78468    98.85830    99.03290   101.09198   101.58115
     0.39854765    95.86893    96.05851    97.09860    97.43868    97.72551    98.11663    98.62403    98.78297    98.85866    99.03324   101.09200   101.58133
     0.39992990    95.87571    96.05264    97.09959    97.43906    97.72509    98.11581    98.62466    98.78239    98.85878    99.03335   101.09201   101.58139
     0.39992990    95.87571    96.05264    97.09959    97.43906    97.72509    98.11581    98.62466    98.78239    98.85878    99.03335   101.09201   101.58139
     0.40197253    95.86764    96.05741    97.09928    97.43875    97.72568    98.11668    98.62406    98.78291    98.85857    99.03315   101.09196   101.58123
     0.40401515    95.84542    96.06975    97.09841    97.43782    97.72744    98.11928    98.62232    98.78444    98.85792    99.03252   101.09180   101.58073
     0.40605777    95.81261    96.08622    97.09706    97.43632    97.73030    98.12350    98.61955    98.78684    98.85686    99.03150   101.09154   101.57990
     0.40810039    95.77182    96.10438    97.09541    97.43428    97.73417    98.12918    98.61595    98.78990    98.85544    99.03008   101.09119   101.57876
     0.41014302    95.72453    96.12302    97.09362    97.43175    97.73895    98.13611    98.61173    98.79339    98.85371    99.02831   101.09074   101.57733
     0.41218564    95.67157    96.14165    97.09192    97.42877    97.74454    98.14407    98.60711    98.79701    98.85178    99.02621   101.09020   101.57562
     0.41422826    95.61352    96.16014    97.09048    97.42537    97.75087    98.15278    98.60232    98.80047    98.84980    99.02382   101.08959   101.57367
     0.41627088    95.55091    96.17849    97.08948    97.42157    97.75787    98.16197    98.59755    98.80338    98.84800    99.02119   101.08890   101.57148
     0.41831351    95.48426    96.19681    97.08904    97.41737    97.76550    98.17140    98.59295    98.80537    98.84664    99.01837   101.08816   101.56911
     0.42035613    95.41423    96.21519    97.08926    97.41277    97.77372    98.18080    98.58869    98.80605    98.84603    99.01541   101.08736   101.56658
     0.42239875    95.34154    96.23376    97.09019    97.40777    97.78251    98.18996    98.58485    98.80521    98.84631    99.01238   101.08652   101.56392
     0.42444137    95.26709    96.25260    97.09184    97.40236    97.79186    98.19871    98.58153    98.80293    98.84739    99.00933   101.08565   101.56116
     0.42648400    95.19190    96.27180    97.09419    97.39656    97.80175    98.20690    98.57875    98.79946    98.84899    99.00634   101.08477   101.55834
     0.42852662    95.11721    96.29142    97.09721    97.39039    97.81216    98.21443    98.57651    98.79513    98.85081    99.00346   101.08387   101.55549
     0.43056924    95.04440    96.31148    97.10080    97.38391    97.82306    98.22124    98.57477    98.79023    98.85261    99.00076   101.08299   101.55264
     0.43261187    94.97503    96.33202    97.10488    97.37716    97.83439    98.22731    98.57344    98.78501    98.85422    98.99828   101.08211   101.54983
     0.43465449    94.91069    96.35303    97.10934    97.37024    97.84613    98.23268    98.57239    98.77969    98.85553    98.99608   101.08127   101.54707
     0.43669711    94.85281    96.37448    97.11403    97.36328    97.85820    98.23738    98.57146    98.77446    98.85650    98.99419   101.08046   101.54438
     0.43873973    94.80240    96.39634    97.11880    97.35640    97.87053    98.24149    98.57045    98.76952    98.85711    98.99262   101.07970   101.54181
     0.44078236    94.75982    96.41856    97.12346    97.34982    97.88305    98.24510    98.56916    98.76504    98.85737    98.99140   101.07899   101.53935
     0.44282498    94.72474    96.44108    97.12779    97.34374    97.89568    98.24832    98.56736    98.76120    98.85731    98.99051   101.07834   101.53702
     0.44486760    94.69636    96.46382    97.13154    97.33843    97.90833    98.25122    98.56488    98.75814    98.85700    98.98994   101.07776   101.53484
     0.44691022    94.67363    96.48669    97.13445    97.33418    97.92090    98.25392    98.56156    98.75596    98.85650    98.98967   101.07725   101.53282
     0.44895285    94.65550    96.50962    97.13625    97.33129    97.93330    98.25649    98.55730    98.75472    98.85588    98.98967   101.07681   101.53096
     0.45099547    94.64107    96.53249    97.13670    97.33003    97.94545    98.25901    98.55207    98.75443    98.85521    98.98993   101.07645   101.52927
     0.45303809    94.62959    96.55523    97.13563    97.33060    97.95726    98.26153    98.54590    98.75502    98.85457    98.99039   101.07617   101.52774
     0.45508071    94.62048    96.57771    97.13299    97.33309    97.96864    98.26409    98.53887    98.75640    98.85402    98.99104   101.07597   101.52637
     0.45712334    94.61327    96.59985    97.12882    97.33749    97.97952    98.26670    98.53111    98.75843    98.85364    98.99186   101.07585   101.52517
     0.45916596    94.60762    96.62155    97.12327    97.34369    97.98983    98.26936    98.52279    98.76097    98.85346    98.99281   101.07580   101.52412
     0.46120858    94.60326    96.64270    97.11655    97.35148    97.99951    98.27206    98.51408    98.76388    98.85355    98.99387   101.07582   101.52322
     0.46325120    94.59997    96.66323    97.10889    97.36068    98.00851    98.27473    98.50515    98.76701    98.85393    98.99502   101.07591   101.52246
     0.46529383    94.59757    96.68305    97.10053    97.37104    98.01680    98.27732    98.49620    98.77025    98.85462    98.99625   101.07606   101.52183
     0.46733645    94.59592    96.70208    97.09168    97.38235    98.02436    98.27975    98.48740    98.77349    98.85563    98.99753   101.07626   101.52133
     0.46937907    94.59490    96.72025    97.08253    97.39442    98.03116    98.28191    98.47895    98.77665    98.85695    98.99886   101.07651   101.52093
     0.47142169    94.59440    96.73751    97.07325    97.40705    98.03720    98.28371    98.47100    98.77967    98.85856    99.00021   101.07680   101.52063
     0.47346432    94.59434    96.75381    97.06399    97.42005    98.04249    98.28506    98.46371    98.78252    98.86041    99.00156   101.07712   101.52042
     0.47550694    94.59464    96.76911    97.05487    97.43327    98.04703    98.28587    98.45722    98.78517    98.86246    99.00292   101.07746   101.52028
     0.47754956    94.59521    96.78337    97.04599    97.44651    98.05084    98.28611    98.45160    98.78762    98.86465    99.00425   101.07782   101.52021
     0.47959218    94.59599    96.79656    97.03746    97.45962    98.05395    98.28577    98.44691    98.78986    98.86690    99.00554   101.07819   101.52019
     0.48163481    94.59692    96.80868    97.02936    97.47243    98.05639    98.28489    98.44314    98.79189    98.86917    99.00679   101.07855   101.52021
     0.48367743    94.59794    96.81971    97.02176    97.48474    98.05822    98.28356    98.44024    98.79374    98.87140    99.00797   101.07891   101.52026
     0.48572005    94.59901    96.82963    97.01473    97.49640    98.05950    98.28189    98.43810    98.79539    98.87352    99.00907   101.07925   101.52034
     0.48776267    94.60006    96.83844    97.00834    97.50723    98.06029    98.28002    98.43661    98.79685    98.87549    99.01007   101.07957   101.52043
     0.48980530    94.60106    96.84612    97.00265    97.51706    98.06069    98.27810    98.43564    98.79813    98.87727    99.01098   101.07985   101.52052
     0.49184792    94.60197    96.85267    96.99770    97.52571    98.06079    98.27625    98.43506    98.79922    98.87882    99.01176   101.08011   101.52061
     0.49389054    94.60277    96.85807    96.99355    97.53303    98.06068    98.27460    98.43475    98.80012    98.88013    99.01242   101.08032   101.52070
     0.49593316    94.60341    96.86230    96.99026    97.53889    98.06048    98.27323    98.43461    98.80083    98.88117    99.01294   101.08049   101.52077
     0.49797579    94.60389    96.86535    96.98787    97.54316    98.06026    98.27220    98.43457    98.80133    98.88192    99.01332   101.08062   101.52082
     0.50001841    94.60418    96.86718    96.98642    97.54576    98.06010    98.27157    98.43457    98.80164    98.88237    99.01355   101.08069   101.52086
     0.50206103    94.60428    96.86780    96.98594    97.54664    98.06004    98.27136    98.43457    98.80174    98.88252    99.01363   101.08072   101.52087
