1.000000000000000000e+01,-4.629825294616182987e+02
2.000000000000000000e+01,-4.629829063405216516e+02
3.000000000000000000e+01,-4.629835547650380363e+02
4.000000000000000000e+01,-4.629844801738601632e+02
5.000000000000000000e+01,-4.629856722271748026e+02
6.000000000000000000e+01,-4.629871191778540265e+02
7.000000000000000000e+01,-4.629888106788869777e+02
8.000000000000000000e+01,-4.629907378194198486e+02
9.000000000000000000e+01,-4.629928926211976545e+02
1.000000000000000000e+02,-4.629952675891344711e+02
1.100000000000000000e+02,-4.629978554435942897e+02
1.200000000000000000e+02,-4.630006490074261478e+02
1.300000000000000000e+02,-4.630036411881435470e+02
1.400000000000000000e+02,-4.630068250059794650e+02
1.500000000000000000e+02,-4.630101936368724296e+02
1.600000000000000000e+02,-4.630137404541267188e+02
1.700000000000000000e+02,-4.630174590617870649e+02
1.800000000000000000e+02,-4.630213433178710147e+02
1.900000000000000000e+02,-4.630253873480590414e+02
2.000000000000000000e+02,-4.630295855514104346e+02
2.100000000000000000e+02,-4.630339325998790514e+02
2.200000000000000000e+02,-4.630384234332684059e+02
2.300000000000000000e+02,-4.630430532509973887e+02
2.400000000000000000e+02,-4.630478175017669855e+02
2.500000000000000000e+02,-4.630527118719599002e+02
2.600000000000000000e+02,-4.630577322733906840e+02
2.700000000000000000e+02,-4.630628748308518539e+02
2.800000000000000000e+02,-4.630681358697709697e+02
2.900000000000000000e+02,-4.630735119041914345e+02
