     0.00000000    90.90855    93.17446    93.31295    93.89082    94.45370    94.64986    94.79981    95.18431    95.28152    95.42517    97.42033    97.85264
     0.00138225    90.90850    93.17415    93.31328    93.89063    94.45354    94.64978    94.79999    95.18418    95.28148    95.42508    97.42031    97.85262
     0.00276451    90.90838    93.17320    93.31427    93.89006    94.45307    94.64954    94.80054    95.18381    95.28138    95.42482    97.42024    97.85255
     0.00414676    90.90818    93.17159    93.31594    93.88911    94.45228    94.64913    94.80146    95.18318    95.28120    95.42439    97.42013    97.85244
     0.00552901    90.90790    93.16924    93.31832    93.88781    94.45117    94.64853    94.80276    95.18232    95.28095    95.42380    97.41998    97.85228
     0.00691126    90.90754    93.16609    93.32145    93.88616    94.44976    94.64773    94.80445    95.18121    95.28064    95.42304    97.41979    97.85208
     0.00829352    90.90711    93.16205    93.32535    93.88419    94.44804    94.64670    94.80655    95.17987    95.28025    95.42212    97.41955    97.85183
     0.00967577    90.90661    93.15705    93.33005    93.88192    94.44602    94.64542    94.80906    95.17830    95.27979    95.42105    97.41927    97.85154
     0.01105802    90.90604    93.15098    93.33557    93.87937    94.44370    94.64387    94.81199    95.17651    95.27926    95.41983    97.41895    97.85121
     0.01244027    90.90542    93.14377    93.34191    93.87659    94.44109    94.64201    94.81536    95.17451    95.27865    95.41847    97.41859    97.85084
     0.01382253    90.90474    93.13532    93.34907    93.87361    94.43819    94.63984    94.81916    95.17231    95.27798    95.41699    97.41819    97.85043
     0.01520478    90.90401    93.12556    93.35703    93.87045    94.43502    94.63734    94.82340    95.16991    95.27723    95.41538    97.41776    97.84998
     0.01658703    90.90324    93.11442    93.36577    93.86717    94.43158    94.63450    94.82806    95.16734    95.27641    95.41367    97.41729    97.84949
     0.01796929    90.90243    93.10181    93.37526    93.86380    94.42788    94.63129    94.83315    95.16460    95.27552    95.41185    97.41678    97.84897
     0.01935154    90.90159    93.08766    93.38544    93.86039    94.42393    94.62774    94.83865    95.16171    95.27455    95.40995    97.41624    97.84842
     0.02073379    90.90072    93.07191    93.39628    93.85697    94.41974    94.62383    94.84453    95.15867    95.27352    95.40798    97.41567    97.84784
     0.02211604    90.89983    93.05449    93.40774    93.85358    94.41532    94.61956    94.85079    95.15551    95.27241    95.40595    97.41507    97.84722
     0.02349830    90.89893    93.03532    93.41975    93.85026    94.41069    94.61495    94.85739    95.15224    95.27122    95.40387    97.41444    97.84658
     0.02488055    90.89802    93.01435    93.43228    93.84705    94.40586    94.61000    94.86432    95.14886    95.26996    95.40176    97.41378    97.84592
     0.02626280    90.89710    92.99152    93.44527    93.84397    94.40085    94.60472    94.87155    95.14540    95.26861    95.39964    97.41311    97.84523
     0.02764505    90.89618    92.96677    93.45867    93.84106    94.39567    94.59914    94.87905    95.14188    95.26719    95.39751    97.41241    97.84453
     0.02902731    90.89527    92.94006    93.47242    93.83835    94.39033    94.59325    94.88680    95.13829    95.26568    95.39539    97.41169    97.84381
     0.03040956    90.89437    92.91134    93.48647    93.83585    94.38487    94.58708    94.89477    95.13467    95.26408    95.39330    97.41096    97.84308
     0.03179181    90.89349    92.88057    93.50078    93.83358    94.37929    94.58064    94.90294    95.13103    95.26238    95.39126    97.41022    97.84233
     0.03317407    90.89262    92.84774    93.51529    93.83155    94.37363    94.57396    94.91129    95.12737    95.26058    95.38926    97.40947    97.84158
     0.03455632    90.89178    92.81283    93.52994    93.82978    94.36789    94.56704    94.91978    95.12372    95.25867    95.38734    97.40871    97.84083
     0.03593857    90.89096    92.77581    93.54469    93.82825    94.36212    94.55992    94.92839    95.12009    95.25664    95.38550    97.40795    97.84007
     0.03732082    90.89018    92.73671    93.55948    93.82699    94.35632    94.55261    94.93710    95.11650    95.25449    95.38374    97.40719    97.83932
     0.03870308    90.88942    92.69552    93.57426    93.82597    94.35053    94.54513    94.94589    95.11296    95.25220    95.38209    97.40643    97.83857
     0.04008533    90.88871    92.65226    93.58898    93.82519    94.34477    94.53752    94.95474    95.10948    95.24977    95.38055    97.40568    97.83783
     0.04146758    90.88804    92.60698    93.60358    93.82465    94.33907    94.52979    94.96362    95.10607    95.24719    95.37913    97.40494    97.83710
     0.04284983    90.88742    92.55969    93.61801    93.82433    94.33345    94.52197    94.97250    95.10277    95.24445    95.37782    97.40421    97.83639
     0.04423209    90.88686    92.51047    93.63222    93.82422    94.32796    94.51410    94.98137    95.09956    95.24155    95.37665    97.40350    97.83569
     0.04561434    90.88635    92.45935    93.64615    93.82429    94.32261    94.50621    94.99020    95.09648    95.23848    95.37559    97.40280    97.83501
     0.04699659    90.88593    92.40642    93.65973    93.82453    94.31743    94.49833    94.99897    95.09354    95.23524    95.37466    97.40213    97.83436
     0.04837885    90.88559    92.35174    93.67293    93.82492    94.31245    94.49050    95.00764    95.09076    95.23182    95.37385    97.40149    97.83373
     0.04976110    90.88537    92.29541    93.68567    93.82544    94.30770    94.48277    95.01618    95.08815    95.22824    95.37315    97.40087    97.83313
     0.05114335    90.88531    92.23753    93.69789    93.82606    94.30321    94.47518    95.02455    95.08574    95.22450    95.37256    97.40028    97.83256
     0.05252560    90.88548    92.17820    93.70954    93.82676    94.29899    94.46779    95.03269    95.08359    95.22059    95.37207    97.39973    97.83203
     0.05390786    90.88601    92.11754    93.72056    93.82752    94.29508    94.46064    95.04052    95.08174    95.21655    95.37168    97.39921    97.83153
     0.05529011    90.88719    92.05570    93.73089    93.82831    94.29148    94.45379    95.04789    95.08032    95.21239    95.37136    97.39873    97.83106
     0.05667236    90.88980    91.99283    93.74045    93.82911    94.28823    94.44731    95.05453    95.07957    95.20813    95.37111    97.39829    97.83064
     0.05805461    90.89627    91.92911    93.74921    93.82990    94.28531    94.44126    95.05992    95.07995    95.20382    95.37093    97.39789    97.83025
     0.05943687    90.91536    91.86476    93.75709    93.83065    94.28276    94.43571    95.06342    95.08206    95.19951    95.37079    97.39753    97.82991
     0.06081912    90.95837    91.80010    93.76405    93.83135    94.28056    94.43071    95.06500    95.08586    95.19527    95.37069    97.39722    97.82961
     0.06220137    91.01526    91.73552    93.77003    93.83198    94.27871    94.42635    95.06541    95.09049    95.19120    95.37063    97.39695    97.82935
     0.06358363    91.07572    91.67173    93.77499    93.83251    94.27722    94.42268    95.06531    95.09515    95.18744    95.37058    97.39673    97.82914
     0.06496588    91.13574    91.60998    93.77889    93.83294    94.27607    94.41976    95.06505    95.09931    95.18415    95.37056    97.39656    97.82898
     0.06634813    91.19172    91.55303    93.78170    93.83326    94.27526    94.41763    95.06480    95.10260    95.18156    95.37054    97.39644    97.82886
     0.06773038    91.23659    91.50766    93.78340    93.83345    94.27477    94.41634    95.06463    95.10472    95.17988    95.37054    97.39636    97.82879
     0.06911264    91.25544    91.48865    93.78397    93.83351    94.27461    94.41591    95.06457    95.10545    95.17929    95.37054    97.39634    97.82876
     0.06911264    91.25544    91.48865    93.78397    93.83351    94.27461    94.41591    95.06457    95.10545    95.17929    95.37054    97.39634    97.82876
     0.07133214    91.23761    91.50832    93.78289    93.83317    94.27482    94.41677    95.06448    95.10473    95.18003    95.37054    97.39640    97.82885
     0.07355165    91.19566    91.55578    93.77963    93.83219    94.27545    94.41931    95.06416    95.10272    95.18214    95.37056    97.39657    97.82910
     0.07577115    91.14437    91.61632    93.77412    93.83071    94.27648    94.42346    95.06350    95.09977    95.18537    95.37060    97.39687    97.82951
     0.07799066    91.09078    91.68307    93.76634    93.82889    94.27790    94.42909    95.06227    95.09641    95.18942    95.37067    97.39728    97.83009
     0.08021016    91.03835    91.75315    93.75632    93.82684    94.27966    94.43602    95.06014    95.09324    95.19402    95.37080    97.39781    97.83082
     0.08242967    90.99017    91.82512    93.74419    93.82462    94.28175    94.44408    95.05674    95.09081    95.19896    95.37100    97.39846    97.83169
     0.08464917    90.95178    91.89812    93.73013    93.82223    94.28413    94.45306    95.05188    95.08948    95.20407    95.37129    97.39922    97.83270
     0.08686868    90.93027    91.97152    93.71435    93.81963    94.28677    94.46277    95.04562    95.08929    95.20923    95.37171    97.40009    97.83384
     0.08908818    90.92325    92.04479    93.69707    93.81677    94.28963    94.47303    95.03821    95.09008    95.21435    95.37227    97.40106    97.83509
     0.09130769    90.92312    92.11745    93.67852    93.81358    94.29267    94.48366    95.02987    95.09166    95.21937    95.37298    97.40214    97.83643
     0.09352719    90.92603    92.18905    93.65890    93.81000    94.29587    94.49452    95.02078    95.09389    95.22425    95.37387    97.40332    97.83786
     0.09574670    90.93056    92.25915    93.63841    93.80596    94.29919    94.50548    95.01108    95.09665    95.22898    95.37495    97.40459    97.83936
     0.09796620    90.93610    92.32729    93.61724    93.80138    94.30261    94.51646    95.00085    95.09988    95.23353    95.37620    97.40594    97.84091
     0.10018571    90.94234    92.39304    93.59559    93.79621    94.30609    94.52736    94.99016    95.10348    95.23792    95.37765    97.40737    97.84249
     0.10240521    90.94911    92.45594    93.57364    93.79036    94.30961    94.53814    94.97908    95.10739    95.24216    95.37926    97.40886    97.84409
     0.10462471    90.95629    92.51554    93.55159    93.78376    94.31316    94.54877    94.96766    95.11153    95.24628    95.38104    97.41041    97.84569
     0.10684422    90.96379    92.57138    93.52967    93.77633    94.31670    94.55923    94.95597    95.11581    95.25030    95.38296    97.41200    97.84728
     0.10906372    90.97153    92.62299    93.50810    93.76801    94.32023    94.56954    94.94408    95.12013    95.25428    95.38501    97.41361    97.84882
     0.11128323    90.97943    92.66990    93.48715    93.75872    94.32373    94.57970    94.93206    95.12440    95.25826    95.38716    97.41523    97.85032
     0.11350273    90.98745    92.71164    93.46710    93.74839    94.32720    94.58974    94.92000    95.12849    95.26228    95.38939    97.41686    97.85176
     0.11572224    90.99550    92.74776    93.44826    93.73698    94.33060    94.59970    94.90797    95.13231    95.26637    95.39168    97.41846    97.85311
     0.11794174    91.00354    92.77783    93.43093    93.72443    94.33394    94.60960    94.89607    95.13576    95.27057    95.39403    97.42003    97.85438
     0.12016125    91.01150    92.80150    93.41538    93.71071    94.33720    94.61949    94.88438    95.13874    95.27490    95.39641    97.42155    97.85555
     0.12238075    91.01932    92.81854    93.40181    93.69583    94.34037    94.62940    94.87300    95.14120    95.27934    95.39882    97.42300    97.85661
     0.12460026    91.02695    92.82888    93.39028    93.67979    94.34342    94.63933    94.86201    95.14308    95.28387    95.40125    97.42437    97.85756
     0.12681976    91.03432    92.83268    93.38067    93.66266    94.34634    94.64932    94.85148    95.14436    95.28845    95.40372    97.42564    97.85839
     0.12903927    91.04139    92.83028    93.37270    93.64456    94.34911    94.65936    94.84149    95.14505    95.29302    95.40622    97.42680    97.85910
     0.13125877    91.04809    92.82225    93.36585    93.62564    94.35171    94.66944    94.83212    95.14516    95.29748    95.40878    97.42784    97.85968
     0.13347828    91.05438    92.80929    93.35953    93.60616    94.35412    94.67952    94.82341    95.14473    95.30176    95.41139    97.42875    97.86015
     0.13569778    91.06019    92.79214    93.35301    93.58647    94.35634    94.68956    94.81545    95.14382    95.30575    95.41409    97.42952    97.86050
     0.13791729    91.06548    92.77158    93.34554    93.56701    94.35835    94.69946    94.80829    95.14248    95.30938    95.41688    97.43014    97.86075
     0.14013679    91.07020    92.74834    93.33638    93.54831    94.36016    94.70910    94.80203    95.14079    95.31256    95.41977    97.43062    97.86088
     0.14235630    91.07430    92.72313    93.32485    93.53095    94.36178    94.71826    94.79682    95.13881    95.31521    95.42277    97.43093    97.86092
     0.14457580    91.07772    92.69661    93.31041    93.51541    94.36323    94.72665    94.79290    95.13662    95.31729    95.42586    97.43110    97.86087
     0.14679531    91.08041    92.66938    93.29281    93.50204    94.36454    94.73379    94.79065    95.13431    95.31875    95.42905    97.43112    97.86075
     0.14901481    91.08231    92.64204    93.27209    93.49091    94.36577    94.73912    94.79053    95.13197    95.31958    95.43230    97.43100    97.86055
     0.15123432    91.08337    92.61514    93.24860    93.48186    94.36696    94.74222    94.79284    95.12967    95.31976    95.43558    97.43074    97.86030
     0.15345382    91.08354    92.58924    93.22286    93.47456    94.36820    94.74321    94.79736    95.12751    95.31930    95.43886    97.43035    97.86001
     0.15567333    91.08275    92.56487    93.19547    93.46867    94.36955    94.74263    94.80341    95.12558    95.31822    95.44210    97.42986    97.85968
     0.15789283    91.08096    92.54251    93.16701    93.46385    94.37110    94.74105    94.81030    95.12396    95.31654    95.44526    97.42926    97.85933
     0.16011234    91.07812    92.52263    93.13803    93.45981    94.37293    94.73889    94.81748    95.12275    95.31428    95.44830    97.42859    97.85897
     0.16233184    91.07420    92.50565    93.10904    93.45632    94.37513    94.73639    94.82461    95.12203    95.31147    95.45118    97.42784    97.85861
     0.16455135    91.06921    92.49190    93.08052    93.45319    94.37777    94.73367    94.83144    95.12187    95.30814    95.45389    97.42705    97.85826
     0.16677085    91.06316    92.48161    93.05291    93.45028    94.38092    94.73079    94.83782    95.12236    95.30433    95.45639    97.42623    97.85793
     0.16899036    91.05615    92.47490    93.02663    93.44746    94.38463    94.72777    94.84365    95.12352    95.30006    95.45865    97.42539    97.85762
     0.17120986    91.04827    92.47176    93.00213    93.44467    94.38895    94.72464    94.84884    95.12541    95.29536    95.46068    97.42456    97.85735
     0.17342937    91.03970    92.47199    92.97983    93.44183    94.39387    94.72140    94.85338    95.12803    95.29027    95.46244    97.42375    97.85711
     0.17564887    91.03063    92.47525    92.96018    93.43892    94.39939    94.71805    94.85725    95.13137    95.28482    95.46393    97.42297    97.85691
     0.17786838    91.02133    92.48103    92.94365    93.43593    94.40546    94.71460    94.86048    95.13538    95.27905    95.46514    97.42224    97.85676
     0.18008788    91.01205    92.48869    92.93071    93.43289    94.41198    94.71109    94.86310    95.14001    95.27301    95.46608    97.42158    97.85666
     0.18008788    91.01205    92.48869    92.93071    93.43289    94.41198    94.71109    94.86310    95.14001    95.27301    95.46608    97.42158    97.85666
     0.18147013    91.01797    92.48599    92.93852    93.43587    94.40683    94.71197    94.85519    95.14022    95.27800    95.46580    97.42198    97.85695
     0.18285239    91.02628    92.48491    92.94724    93.43810    94.40243    94.71206    94.84731    95.14079    95.28286    95.46532    97.42242    97.85732
     0.18423464    91.03693    92.48546    92.95684    93.43957    94.39882    94.71136    94.83947    95.14171    95.28759    95.46464    97.42288    97.85775
     0.18561689    91.04983    92.48762    92.96730    93.44025    94.39599    94.70986    94.83171    95.14297    95.29217    95.46377    97.42336    97.85824
     0.18699914    91.06491    92.49138    92.97859    93.44013    94.39397    94.70756    94.82405    95.14458    95.29661    95.46271    97.42387    97.85880
     0.18838140    91.08205    92.49674    92.99067    93.43919    94.39275    94.70447    94.81649    95.14651    95.30090    95.46147    97.42440    97.85942
     0.18976365    91.10114    92.50366    93.00350    93.43745    94.39233    94.70061    94.80903    95.14875    95.30503    95.46006    97.42494    97.86010
     0.19114590    91.12206    92.51211    93.01702    93.43490    94.39269    94.69601    94.80168    95.15128    95.30901    95.45848    97.42550    97.86083
     0.19252816    91.14469    92.52207    93.03119    93.43156    94.39380    94.69071    94.79441    95.15409    95.31282    95.45674    97.42608    97.86162
     0.19391041    91.16890    92.53350    93.04594    93.42748    94.39562    94.68477    94.78722    95.15715    95.31646    95.45485    97.42667    97.86246
     0.19529266    91.19457    92.54634    93.06119    93.42269    94.39810    94.67826    94.78008    95.16045    95.31993    95.45282    97.42726    97.86336
     0.19667491    91.22158    92.56055    93.07684    93.41727    94.40116    94.67124    94.77297    95.16395    95.32324    95.45066    97.42786    97.86429
     0.19805717    91.24979    92.57608    93.09278    93.41133    94.40472    94.66381    94.76587    95.16764    95.32636    95.44837    97.42846    97.86528
     0.19943942    91.27911    92.59287    93.10883    93.40500    94.40868    94.65605    94.75879    95.17149    95.32930    95.44598    97.42906    97.86630
     0.20082167    91.30942    92.61085    93.12480    93.39846    94.41290    94.64805    94.75172    95.17547    95.33205    95.44349    97.42965    97.86736
     0.20220392    91.34061    92.62995    93.14041    93.39199    94.41722    94.63992    94.74469    95.17956    95.33461    95.44092    97.43023    97.86846
     0.20358618    91.37258    92.65009    93.15529    93.38596    94.42147    94.63178    94.73775    95.18372    95.33697    95.43829    97.43081    97.86960
     0.20496843    91.40525    92.67119    93.16895    93.38084    94.42540    94.62373    94.73098    95.18793    95.33912    95.43561    97.43136    97.87076
     0.20635068    91.43851    92.69315    93.18075    93.37730    94.42877    94.61588    94.72450    95.19216    95.34105    95.43291    97.43190    97.87194
     0.20773294    91.47228    92.71586    93.18995    93.37607    94.43129    94.60831    94.71846    95.19636    95.34275    95.43020    97.43242    97.87315
     0.20911519    91.50649    92.73918    93.19587    93.37788    94.43268    94.60109    94.71309    95.20051    95.34422    95.42752    97.43291    97.87438
     0.21049744    91.54107    92.76297    93.19810    93.38318    94.43266    94.59417    94.70865    95.20456    95.34544    95.42488    97.43338    97.87562
     0.21187969    91.57594    92.78702    93.19673    93.39199    94.43104    94.58744    94.70546    95.20848    95.34642    95.42231    97.43382    97.87687
     0.21326195    91.61103    92.81108    93.19234    93.40387    94.42769    94.58069    94.70382    95.21223    95.34713    95.41984    97.43422    97.87813
     0.21464420    91.64629    92.83481    93.18577    93.41819    94.42261    94.57364    94.70402    95.21574    95.34760    95.41748    97.43459    97.87939
     0.21602645    91.68166    92.85772    93.17805    93.43428    94.41589    94.56604    94.70621    95.21898    95.34782    95.41527    97.43492    97.88064
     0.21740870    91.71708    92.87915    93.17028    93.45160    94.40768    94.55772    94.71043    95.22188    95.34782    95.41321    97.43522    97.88189
     0.21879096    91.75250    92.89818    93.16371    93.46965    94.39818    94.54861    94.71658    95.22440    95.34762    95.41131    97.43547    97.88312
     0.22017321    91.78787    92.91357    93.15980    93.48808    94.38757    94.53873    94.72448    95.22646    95.34726    95.40957    97.43568    97.88433
     0.22155546    91.82314    92.92397    93.16006    93.50657    94.37603    94.52820    94.73391    95.22801    95.34679    95.40799    97.43586    97.88553
     0.22293772    91.85826    92.92827    93.16570    93.52486    94.36370    94.51717    94.74462    95.22898    95.34627    95.40654    97.43598    97.88669
     0.22431997    91.89319    92.92615    93.17710    93.54269    94.35069    94.50582    94.75640    95.22931    95.34575    95.40521    97.43607    97.88782
     0.22570222    91.92788    92.91817    93.19376    93.55985    94.33710    94.49435    94.76906    95.22897    95.34528    95.40396    97.43611    97.88891
     0.22708447    91.96227    92.90541    93.21460    93.57611    94.32298    94.48299    94.78243    95.22792    95.34490    95.40279    97.43612    97.88996
     0.22846673    91.99633    92.88898    93.23855    93.59128    94.30835    94.47199    94.79636    95.22613    95.34465    95.40165    97.43607    97.89096
     0.22984898    92.02998    92.86980    93.26468    93.60513    94.29321    94.46161    94.81073    95.22361    95.34454    95.40052    97.43599    97.89191
     0.23123123    92.06318    92.84855    93.29232    93.61748    94.27753    94.45213    94.82542    95.22036    95.34456    95.39937    97.43587    97.89280
     0.23261348    92.09584    92.82574    93.32095    93.62815    94.26129    94.44384    94.84035    95.21643    95.34471    95.39819    97.43570    97.89362
     0.23399574    92.12789    92.80176    93.35018    93.63697    94.24444    94.43700    94.85540    95.21185    95.34494    95.39695    97.43550    97.89438
     0.23537799    92.15921    92.77692    93.37970    93.64382    94.22694    94.43187    94.87051    95.20668    95.34523    95.39564    97.43527    97.89507
     0.23676024    92.18965    92.75154    93.40921    93.64865    94.20880    94.42865    94.88559    95.20099    95.34553    95.39424    97.43500    97.89568
     0.23814250    92.21903    92.72590    93.43842    93.65146    94.19003    94.42747    94.90054    95.19483    95.34580    95.39275    97.43469    97.89621
     0.23952475    92.24706    92.70036    93.46697    93.65238    94.17069    94.42842    94.91528    95.18831    95.34600    95.39116    97.43436    97.89667
     0.24090700    92.27335    92.67540    93.49436    93.65170    94.15090    94.43151    94.92971    95.18150    95.34608    95.38947    97.43400    97.89703
     0.24228925    92.29729    92.65165    93.51980    93.65006    94.13082    94.43669    94.94370    95.17452    95.34601    95.38767    97.43361    97.89731
     0.24367151    92.31798    92.63007    93.54190    93.64868    94.11068    94.44386    94.95711    95.16751    95.34576    95.38577    97.43320    97.89750
     0.24505376    92.33412    92.61198    93.55825    93.64976    94.09078    94.45287    94.96973    95.16066    95.34528    95.38378    97.43277    97.89760
     0.24643601    92.34403    92.59909    93.56604    93.65584    94.07156    94.46358    94.98133    95.15419    95.34455    95.38171    97.43231    97.89761
     0.24781826    92.34610    92.59303    93.56473    93.66706    94.05356    94.47578    94.99157    95.14842    95.34353    95.37958    97.43185    97.89753
     0.24920052    92.33965    92.59450    93.55665    93.68054    94.03755    94.48931    95.00005    95.14376    95.34221    95.37741    97.43137    97.89736
     0.24920052    92.33965    92.59450    93.55665    93.68054    94.03755    94.48931    95.00005    95.14376    95.34221    95.37741    97.43137    97.89736
     0.25083285    92.34603    92.59136    93.56266    93.66838    94.05492    94.47624    94.99080    95.14918    95.34290    95.38021    97.43217    97.89797
     0.25246519    92.34468    92.59474    93.56333    93.65537    94.07528    94.46499    94.97934    95.15601    95.34278    95.38331    97.43294    97.89847
     0.25409752    92.33596    92.60418    93.55724    93.64403    94.09739    94.45582    94.96628    95.16368    95.34203    95.38652    97.43368    97.89885
     0.25572986    92.32109    92.61834    93.54421    93.63537    94.12030    94.44894    94.95209    95.17173    95.34081    95.38972    97.43439    97.89911
     0.25736219    92.30145    92.63565    93.52595    93.62839    94.14335    94.44454    94.93716    95.17984    95.33924    95.39280    97.43505    97.89925
     0.25899453    92.27821    92.65473    93.50472    93.62140    94.16604    94.44272    94.92175    95.18776    95.33743    95.39568    97.43567    97.89926
     0.26062686    92.25218    92.67452    93.48231    93.61318    94.18808    94.44350    94.90610    95.19530    95.33549    95.39834    97.43624    97.89916
     0.26225920    92.22389    92.69420    93.45995    93.60306    94.20924    94.44681    94.89041    95.20228    95.33353    95.40073    97.43674    97.89893
     0.26389153    92.19366    92.71314    93.43852    93.59078    94.22941    94.45248    94.87485    95.20853    95.33166    95.40284    97.43719    97.89858
     0.26552387    92.16169    92.73080    93.41868    93.57628    94.24852    94.46029    94.85960    95.21392    95.33000    95.40466    97.43758    97.89811
     0.26715620    92.12811    92.74674    93.40096    93.55969    94.26654    94.46996    94.84483    95.21828    95.32870    95.40620    97.43790    97.89753
     0.26878854    92.09298    92.76058    93.38576    93.54122    94.28345    94.48118    94.83069    95.22147    95.32786    95.40747    97.43815    97.89684
     0.27042087    92.05633    92.77204    93.37333    93.52119    94.29920    94.49367    94.81737    95.22339    95.32759    95.40847    97.43834    97.89604
     0.27205321    92.01819    92.78097    93.36371    93.50000    94.31376    94.50715    94.80504    95.22396    95.32794    95.40922    97.43845    97.89514
     0.27368554    91.97857    92.78731    93.35665    93.47822    94.32704    94.52143    94.79386    95.22320    95.32889    95.40976    97.43848    97.89414
     0.27531788    91.93748    92.79117    93.35142    93.45670    94.33896    94.53630    94.78399    95.22116    95.33037    95.41011    97.43845    97.89306
     0.27695021    91.89496    92.79278    93.34651    93.43696    94.34946    94.55164    94.77558    95.21794    95.33226    95.41032    97.43834    97.89189
     0.27858255    91.85105    92.79248    93.33924    93.42148    94.35848    94.56733    94.76873    95.21366    95.33440    95.41044    97.43817    97.89065
     0.28021488    91.80578    92.79065    93.32666    93.41298    94.36601    94.58328    94.76353    95.20846    95.33662    95.41053    97.43792    97.88934
     0.28184722    91.75923    92.78772    93.30814    93.41176    94.37211    94.59940    94.76000    95.20245    95.33876    95.41066    97.43761    97.88796
     0.28347955    91.71148    92.78409    93.28551    93.41566    94.37691    94.61561    94.75814    95.19574    95.34067    95.41090    97.43723    97.88654
     0.28511189    91.66262    92.78012    93.26061    93.42249    94.38060    94.63179    94.75788    95.18841    95.34220    95.41133    97.43679    97.88507
     0.28674422    91.61275    92.77612    93.23459    93.43079    94.38345    94.64783    94.75916    95.18054    95.34323    95.41203    97.43629    97.88356
     0.28837656    91.56199    92.77237    93.20809    93.43963    94.38573    94.66355    94.76192    95.17219    95.34369    95.41305    97.43574    97.88202
     0.29000889    91.51047    92.76907    93.18151    93.44838    94.38775    94.67878    94.76609    95.16340    95.34350    95.41443    97.43514    97.88045
     0.29164123    91.45830    92.76638    93.15511    93.45655    94.38983    94.69328    94.77167    95.15423    95.34266    95.41616    97.43449    97.87888
     0.29327356    91.40565    92.76441    93.12909    93.46380    94.39225    94.70680    94.77866    95.14470    95.34117    95.41823    97.43380    97.87730
     0.29490590    91.35264    92.76326    93.10361    93.46986    94.39527    94.71911    94.78709    95.13487    95.33908    95.42059    97.43308    97.87572
     0.29653823    91.29943    92.76295    93.07877    93.47452    94.39910    94.73004    94.79691    95.12476    95.33644    95.42319    97.43233    97.87415
     0.29817057    91.24618    92.76353    93.05471    93.47765    94.40390    94.73956    94.80797    95.11441    95.33330    95.42598    97.43155    97.87259
     0.29980290    91.19305    92.76498    93.03150    93.47917    94.40978    94.74778    94.82000    95.10386    95.32974    95.42889    97.43076    97.87106
     0.30143524    91.14019    92.76727    93.00924    93.47906    94.41683    94.75486    94.83269    95.09316    95.32580    95.43188    97.42996    97.86956
     0.30306757    91.08780    92.77035    92.98801    93.47736    94.42505    94.76095    94.84573    95.08234    95.32155    95.43490    97.42915    97.86810
     0.30469991    91.03604    92.77416    92.96789    93.47413    94.43442    94.76618    94.85888    95.07149    95.31705    95.43791    97.42834    97.86669
     0.30633224    90.98511    92.77859    92.94897    93.46950    94.44488    94.77062    94.87192    95.06066    95.31233    95.44088    97.42755    97.86533
     0.30796458    90.93522    92.78351    92.93134    93.46359    94.45633    94.77430    94.88468    95.04994    95.30746    95.44377    97.42677    97.86402
     0.30959691    90.88658    92.78874    92.91514    93.45660    94.46867    94.77723    94.89699    95.03945    95.30248    95.44656    97.42601    97.86278
     0.31122925    90.83943    92.79403    92.90054    93.44871    94.48174    94.77940    94.90871    95.02932    95.29744    95.44923    97.42527    97.86160
     0.31286158    90.79403    92.79904    92.88780    93.44013    94.49540    94.78077    94.91967    95.01974    95.29240    95.45175    97.42457    97.86050
     0.31449392    90.75067    92.80326    92.87731    93.43110    94.50948    94.78130    94.92963    95.01097    95.28743    95.45412    97.42392    97.85948
     0.31612625    90.70965    92.80604    92.86960    93.42185    94.52378    94.78096    94.93827    95.00338    95.28257    95.45630    97.42330    97.85854
     0.31775859    90.67133    92.80674    92.86516    93.41263    94.53810    94.77973    94.94509    94.99751    95.27790    95.45829    97.42274    97.85769
     0.31939092    90.63608    92.80524    92.86396    93.40369    94.55221    94.77763    94.94946    94.99405    95.27350    95.46008    97.42223    97.85693
     0.32102326    90.60429    92.80215    92.86523    93.39526    94.56584    94.77474    94.95103    94.99335    95.26944    95.46165    97.42177    97.85627
     0.32265559    90.57640    92.79836    92.86788    93.38761    94.57867    94.77121    94.95035    94.99489    95.26581    95.46299    97.42139    97.85570
     0.32428793    90.55282    92.79462    92.87099    93.38097    94.59031    94.76731    94.94851    94.99754    95.26269    95.46410    97.42106    97.85523
     0.32592026    90.53397    92.79140    92.87393    93.37555    94.60028    94.76342    94.94646    95.00032    95.26016    95.46497    97.42081    97.85487
     0.32755260    90.52021    92.78895    92.87630    93.37153    94.60804    94.76004    94.94474    95.00261    95.25829    95.46560    97.42063    97.85460
     0.32918493    90.51183    92.78744    92.87782    93.36906    94.61300    94.75771    94.94363    95.00409    95.25715    95.46597    97.42052    97.85444
     0.33081727    90.50902    92.78692    92.87834    93.36823    94.61472    94.75687    94.94325    95.00461    95.25676    95.46610    97.42048    97.85439
     0.33081727    90.50902    92.78692    92.87834    93.36823    94.61472    94.75687    94.94325    95.00461    95.25676    95.46610    97.42048    97.85439
     0.33219952    90.51076    92.78727    92.87843    93.36866    94.61364    94.75742    94.94357    95.00439    95.25694    95.46595    97.42050    97.85443
     0.33358177    90.51598    92.78831    92.87870    93.36996    94.61046    94.75902    94.94449    95.00376    95.25745    95.46550    97.42056    97.85455
     0.33496403    90.52459    92.79003    92.87916    93.37212    94.60535    94.76151    94.94597    95.00277    95.25831    95.46476    97.42066    97.85475
     0.33634628    90.53648    92.79240    92.87982    93.37512    94.59855    94.76468    94.94787    95.00151    95.25949    95.46372    97.42080    97.85502
     0.33772853    90.55150    92.79539    92.88071    93.37896    94.59030    94.76833    94.95001    95.00018    95.26098    95.46238    97.42097    97.85538
     0.33911078    90.56946    92.79894    92.88185    93.38362    94.58083    94.77226    94.95207    94.99904    95.26277    95.46076    97.42119    97.85581
     0.34049304    90.59019    92.80299    92.88329    93.38907    94.57035    94.77633    94.95361    94.99849    95.26484    95.45884    97.42143    97.85632
     0.34187529    90.61346    92.80742    92.88511    93.39531    94.55903    94.78042    94.95412    94.99902    95.26717    95.45665    97.42171    97.85690
     0.34325754    90.63909    92.81212    92.88741    93.40228    94.54701    94.78446    94.95316    95.00101    95.26972    95.45418    97.42202    97.85756
     0.34463979    90.66687    92.81689    92.89032    93.40997    94.53439    94.78841    94.95058    95.00457    95.27249    95.45143    97.42236    97.85828
     0.34602205    90.69660    92.82154    92.89402    93.41835    94.52129    94.79224    94.94652    95.00952    95.27543    95.44843    97.42272    97.85908
     0.34740430    90.72812    92.82583    92.89870    93.42736    94.50777    94.79592    94.94123    95.01555    95.27853    95.44517    97.42310    97.85995
     0.34878655    90.76124    92.82951    92.90454    93.43698    94.49390    94.79945    94.93497    95.02240    95.28175    95.44168    97.42350    97.86088
     0.35016881    90.79582    92.83241    92.91170    93.44716    94.47974    94.80281    94.92793    95.02985    95.28507    95.43796    97.42392    97.86188
     0.35155106    90.83171    92.83441    92.92022    93.45786    94.46535    94.80597    94.92027    95.03773    95.28845    95.43403    97.42435    97.86294
     0.35293331    90.86878    92.83546    92.93010    93.46902    94.45076    94.80888    94.91215    95.04593    95.29185    95.42992    97.42479    97.86405
     0.35431556    90.90690    92.83557    92.94127    93.48061    94.43602    94.81145    94.90374    95.05434    95.29524    95.42566    97.42523    97.86522
     0.35569782    90.94597    92.83478    92.95362    93.49257    94.42117    94.81351    94.89527    95.06290    95.29856    95.42127    97.42568    97.86644
     0.35708007    90.98587    92.83313    92.96705    93.50486    94.40624    94.81479    94.88707    95.07154    95.30177    95.41681    97.42613    97.86771
     0.35846232    91.02652    92.83064    92.98147    93.51741    94.39128    94.81484    94.87964    95.08020    95.30479    95.41234    97.42658    97.86903
     0.35984457    91.06782    92.82733    92.99678    93.53019    94.37630    94.81305    94.87365    95.08884    95.30755    95.40791    97.42702    97.87038
     0.36122683    91.10969    92.82320    93.01290    93.54315    94.36135    94.80882    94.86971    95.09742    95.30994    95.40363    97.42745    97.87176
     0.36260908    91.15205    92.81825    93.02976    93.55623    94.34646    94.80196    94.86808    95.10591    95.31185    95.39961    97.42788    97.87318
     0.36399133    91.19483    92.81245    93.04729    93.56938    94.33166    94.79276    94.86848    95.11427    95.31314    95.39598    97.42829    97.87462
     0.36537359    91.23796    92.80579    93.06543    93.58257    94.31699    94.78178    94.87041    95.12247    95.31367    95.39288    97.42869    97.87608
     0.36675584    91.28137    92.79824    93.08410    93.59574    94.30246    94.76947    94.87345    95.13049    95.31329    95.39046    97.42907    97.87755
     0.36813809    91.32499    92.78977    93.10325    93.60886    94.28811    94.75620    94.87728    95.13830    95.31190    95.38881    97.42944    97.87903
     0.36952034    91.36877    92.78036    93.12280    93.62187    94.27398    94.74219    94.88171    95.14587    95.30948    95.38797    97.42979    97.88051
     0.37090260    91.41265    92.76996    93.14268    93.63474    94.26009    94.72761    94.88662    95.15318    95.30605    95.38791    97.43012    97.88199
     0.37228485    91.45656    92.75855    93.16281    93.64744    94.24648    94.71258    94.89193    95.16020    95.30174    95.38853    97.43044    97.88346
     0.37366710    91.50045    92.74611    93.18312    93.65992    94.23316    94.69722    94.89757    95.16690    95.29667    95.38971    97.43073    97.88490
     0.37504935    91.54427    92.73261    93.20352    93.67215    94.22018    94.68162    94.90351    95.17325    95.29101    95.39132    97.43100    97.88633
     0.37643161    91.58795    92.71803    93.22392    93.68409    94.20756    94.66586    94.90971    95.17922    95.28490    95.39323    97.43126    97.88772
     0.37781386    91.63144    92.70235    93.24421    93.69570    94.19533    94.65004    94.91615    95.18474    95.27850    95.39535    97.43150    97.88908
     0.37919611    91.67468    92.68557    93.26430    93.70697    94.18353    94.63424    94.92278    95.18975    95.27196    95.39760    97.43171    97.89040
     0.38057837    91.71761    92.66767    93.28407    93.71784    94.17218    94.61858    94.92957    95.19415    95.26546    95.39990    97.43191    97.89166
     0.38196062    91.76018    92.64865    93.30341    93.72828    94.16132    94.60315    94.93648    95.19780    95.25922    95.40219    97.43209    97.89287
     0.38334287    91.80230    92.62854    93.32217    93.73826    94.15098    94.58806    94.94348    95.20048    95.25351    95.40444    97.43225    97.89402
     0.38472512    91.84393    92.60734    93.34023    93.74773    94.14119    94.57343    94.95051    95.20190    95.24869    95.40661    97.43240    97.89509
     0.38610738    91.88496    92.58510    93.35745    93.75665    94.13201    94.55940    94.95751    95.20177    95.24513    95.40867    97.43253    97.89610
     0.38748963    91.92531    92.56187    93.37367    93.76497    94.12348    94.54610    94.96441    95.19997    95.24301    95.41060    97.43264    97.89702
     0.38887188    91.96487    92.53772    93.38875    93.77265    94.11563    94.53366    94.97114    95.19672    95.24220    95.41237    97.43274    97.89787
     0.39025413    92.00348    92.51278    93.40253    93.77962    94.10853    94.52223    94.97758    95.19251    95.24233    95.41396    97.43283    97.89862
     0.39163639    92.04095    92.48721    93.41486    93.78583    94.10222    94.51196    94.98363    95.18786    95.24298    95.41537    97.43290    97.89928
     0.39301864    92.07695    92.46131    93.42559    93.79121    94.09676    94.50298    94.98915    95.18320    95.24386    95.41659    97.43296    97.89985
     0.39440089    92.11099    92.43556    93.43458    93.79572    94.09220    94.49542    94.99399    95.17888    95.24476    95.41759    97.43301    97.90032
     0.39578315    92.14218    92.41084    93.44171    93.79929    94.08859    94.48941    94.99798    95.17520    95.24555    95.41838    97.43305    97.90069
     0.39716540    92.16884    92.38881    93.44689    93.80189    94.08598    94.48504    95.00098    95.17238    95.24616    95.41895    97.43308    97.90095
     0.39854765    92.18793    92.37250    93.45002    93.80346    94.08440    94.48238    95.00285    95.17061    95.24654    95.41929    97.43309    97.90111
     0.39992990    92.19512    92.36624    93.45107    93.80398    94.08387    94.48149    95.00348    95.17001    95.24667    95.41940    97.43310    97.90116
     0.39992990    92.19512    92.36624    93.45107    93.80398    94.08387    94.48149    95.00348    95.17001    95.24667    95.41940    97.43310    97.90116
     0.40197253    92.18655    92.37135    93.45078    93.80354    94.08459    94.48246    95.00289    95.17056    95.24644    95.41921    97.43305    97.90102
     0.40401515    92.16315    92.38444    93.44993    93.80224    94.08673    94.48533    95.00115    95.17215    95.24574    95.41863    97.43291    97.90058
     0.40605777    92.12893    92.40158    93.44861    93.80013    94.09020    94.48999    94.99841    95.17466    95.24461    95.41769    97.43267    97.89986
     0.40810039    92.08671    92.42021    93.44699    93.79731    94.09486    94.49627    94.99484    95.17787    95.24308    95.41639    97.43234    97.89886
     0.41014302    92.03797    92.43909    93.44524    93.79386    94.10057    94.50395    94.99066    95.18155    95.24122    95.41477    97.43193    97.89761
     0.41218564    91.98359    92.45777    93.44355    93.78986    94.10720    94.51276    94.98611    95.18538    95.23915    95.41286    97.43144    97.89612
     0.41422826    91.92416    92.47612    93.44210    93.78537    94.11464    94.52242    94.98139    95.18904    95.23703    95.41069    97.43087    97.89440
     0.41627088    91.86020    92.49421    93.44106    93.78044    94.12278    94.53262    94.97672    95.19211    95.23512    95.40833    97.43024    97.89250
     0.41831351    91.79229    92.51213    93.44054    93.77510    94.13158    94.54307    94.97226    95.19413    95.23377    95.40582    97.42955    97.89043
     0.42035613    91.72109    92.53002    93.44063    93.76937    94.14098    94.55351    94.96816    95.19466    95.23334    95.40322    97.42881    97.88821
     0.42239875    91.64735    92.54801    93.44138    93.76324    94.15096    94.56368    94.96452    95.19350    95.23396    95.40059    97.42803    97.88589
     0.42444137    91.57199    92.56621    93.44278    93.75675    94.16149    94.57339    94.96144    95.19076    95.23547    95.39800    97.42723    97.88349
     0.42648400    91.49606    92.58472    93.44482    93.74991    94.17256    94.58246    94.95893    95.18680    95.23751    95.39552    97.42640    97.88103
     0.42852662    91.42082    92.60362    93.44743    93.74275    94.18414    94.59078    94.95699    95.18199    95.23975    95.39321    97.42556    97.87856
     0.43056924    91.34766    92.62294    93.45055    93.73534    94.19619    94.59828    94.95556    95.17664    95.24191    95.39113    97.42472    97.87609
     0.43261187    91.27816    92.64273    93.45406    93.72776    94.20869    94.60494    94.95454    95.17100    95.24385    95.38933    97.42390    97.87365
     0.43465449    91.21387    92.66299    93.45783    93.72010    94.22157    94.61078    94.95377    95.16531    95.24545    95.38786    97.42309    97.87127
     0.43669711    91.15622    92.68371    93.46173    93.71251    94.23478    94.61584    94.95308    95.15976    95.24667    95.38673    97.42231    97.86898
     0.43873973    91.10613    92.70487    93.46557    93.70515    94.24824    94.62021    94.95222    95.15455    95.24752    95.38597    97.42157    97.86677
     0.44078236    91.06390    92.72643    93.46915    93.69822    94.26189    94.62399    94.95098    95.14989    95.24801    95.38558    97.42088    97.86469
     0.44282498    91.02917    92.74832    93.47225    93.69198    94.27564    94.62727    94.94911    95.14594    95.24820    95.38554    97.42023    97.86273
     0.44486760    91.00107    92.77048    93.47461    93.68668    94.28940    94.63017    94.94641    95.14285    95.24814    95.38584    97.41964    97.86092
     0.44691022    90.97856    92.79285    93.47598    93.68260    94.30308    94.63279    94.94272    95.14071    95.24791    95.38643    97.41911    97.85925
     0.44895285    90.96060    92.81532    93.47613    93.68002    94.31659    94.63523    94.93795    95.13958    95.24759    95.38730    97.41864    97.85774
     0.45099547    90.94628    92.83781    93.47487    93.67915    94.32983    94.63756    94.93209    95.13942    95.24725    95.38840    97.41824    97.85638
     0.45303809    90.93486    92.86023    93.47211    93.68013    94.34270    94.63987    94.92518    95.14014    95.24698    95.38971    97.41791    97.85519
     0.45508071    90.92578    92.88247    93.46786    93.68297    94.35512    94.64219    94.91734    95.14163    95.24684    95.39118    97.41764    97.85414
     0.45712334    90.91857    92.90444    93.46221    93.68763    94.36701    94.64455    94.90871    95.14373    95.24690    95.39280    97.41744    97.85325
     0.45916596    90.91291    92.92604    93.45535    93.69395    94.37829    94.64698    94.89947    95.14628    95.24721    95.39454    97.41730    97.85251
     0.46120858    90.90851    92.94717    93.44749    93.70175    94.38888    94.64946    94.88981    95.14914    95.24780    95.39638    97.41723    97.85190
     0.46325120    90.90517    92.96774    93.43885    93.71083    94.39874    94.65196    94.87991    95.15215    95.24870    95.39828    97.41721    97.85142
     0.46529383    90.90272    92.98765    93.42964    93.72097    94.40781    94.65442    94.86998    95.15522    95.24992    95.40024    97.41725    97.85106
     0.46733645    90.90100    93.00683    93.42008    93.73200    94.41607    94.65679    94.86019    95.15825    95.25146    95.40224    97.41734    97.85082
     0.46937907    90.89992    93.02520    93.41033    93.74372    94.42348    94.65895    94.85075    95.16117    95.25328    95.40425    97.41746    97.85067
     0.47142169    90.89935    93.04269    93.40055    93.75596    94.43005    94.66083    94.84184    95.16395    95.25536    95.40626    97.41763    97.85060
     0.47346432    90.89922    93.05924    93.39087    93.76855    94.43576    94.66231    94.83361    95.16655    95.25763    95.40825    97.41783    97.85061
     0.47550694    90.89944    93.07479    93.38142    93.78132    94.44064    94.66330    94.82622    95.16897    95.26005    95.41021    97.41805    97.85069
     0.47754956    90.89994    93.08931    93.37229    93.79413    94.44471    94.66374    94.81979    95.17120    95.26255    95.41212    97.41828    97.85081
     0.47959218    90.90066    93.10275    93.36358    93.80680    94.44799    94.66360    94.81437    95.17325    95.26508    95.41396    97.41853    97.85097
     0.48163481    90.90152    93.11509    93.35538    93.81917    94.45054    94.66290    94.80999    95.17512    95.26756    95.41572    97.41878    97.85116
     0.48367743    90.90249    93.12630    93.34774    93.83107    94.45241    94.66172    94.80658    95.17682    95.26995    95.41737    97.41903    97.85137
     0.48572005    90.90349    93.13636    93.34074    93.84233    94.45367    94.66016    94.80407    95.17835    95.27220    95.41890    97.41927    97.85158
     0.48776267    90.90450    93.14527    93.33443    93.85279    94.45442    94.65838    94.80230    95.17971    95.27427    95.42030    97.41949    97.85180
     0.48980530    90.90545    93.15299    93.32886    93.86227    94.45474    94.65651    94.80114    95.18091    95.27612    95.42154    97.41970    97.85200
     0.49184792    90.90633    93.15955    93.32408    93.87063    94.45475    94.65470    94.80044    95.18193    95.27773    95.42262    97.41988    97.85218
     0.49389054    90.90709    93.16491    93.32011    93.87769    94.45455    94.65307    94.80006    95.18278    95.27907    95.42352    97.42004    97.85234
     0.49593316    90.90771    93.16909    93.31700    93.88335    94.45426    94.65172    94.79988    95.18344    95.28013    95.42423    97.42016    97.85247
     0.49797579    90.90817    93.17207    93.31475    93.88747    94.45398    94.65070    94.79982    95.18392    95.28090    95.42475    97.42025    97.85257
     0.50001841    90.90845    93.17387    93.31340    93.88998    94.45378    94.65007    94.79981    95.18421    95.28136    95.42506    97.42031    97.85262
     0.50206103    90.90855    93.17446    93.31295    93.89082    94.45370    94.64986    94.79981    95.18431    95.28152    95.42517    97.42033    97.85264
