1.000000000000000000e+01,-4.686521595462775736e+02
2.000000000000000000e+01,-4.686523897283016140e+02
3.000000000000000000e+01,-4.686528977888492022e+02
4.000000000000000000e+01,-4.686536909777546498e+02
5.000000000000000000e+01,-4.686547547962942986e+02
6.000000000000000000e+01,-4.686560741367681544e+02
7.000000000000000000e+01,-4.686576364860422359e+02
8.000000000000000000e+01,-4.686594314578744047e+02
9.000000000000000000e+01,-4.686614500789891622e+02
1.000000000000000000e+02,-4.686636843408442132e+02
1.100000000000000000e+02,-4.686661269553047191e+02
1.200000000000000000e+02,-4.686687712174178273e+02
1.300000000000000000e+02,-4.686716109185721848e+02
1.400000000000000000e+02,-4.686746402831306000e+02
1.500000000000000000e+02,-4.686778539169606574e+02
1.600000000000000000e+02,-4.686812467632499306e+02
1.700000000000000000e+02,-4.686848140639017402e+02
1.800000000000000000e+02,-4.686885513258816331e+02
1.900000000000000000e+02,-4.686924542921897796e+02
2.000000000000000000e+02,-4.686965189171323232e+02
2.100000000000000000e+02,-4.687007413454915081e+02
2.200000000000000000e+02,-4.687051178951250563e+02
2.300000000000000000e+02,-4.687096450424915020e+02
2.400000000000000000e+02,-4.687143194106068336e+02
2.500000000000000000e+02,-4.687191377589703620e+02
2.600000000000000000e+02,-4.687240969750544650e+02
2.700000000000000000e+02,-4.687291940670118606e+02
2.800000000000000000e+02,-4.687344261573168751e+02
2.900000000000000000e+02,-4.687397904771183335e+02
