1.000000000000000000e+01,-4.686936993149088835e+02
2.000000000000000000e+01,-4.686938930928728837e+02
3.000000000000000000e+01,-4.686943326228019941e+02
4.000000000000000000e+01,-4.686950279440397367e+02
5.000000000000000000e+01,-4.686959716931712023e+02
6.000000000000000000e+01,-4.686971536752596421e+02
7.000000000000000000e+01,-4.686985638682243120e+02
8.000000000000000000e+01,-4.687001930016514848e+02
9.000000000000000000e+01,-4.687020326326000372e+02
1.000000000000000000e+02,-4.687040751159013325e+02
1.100000000000000000e+02,-4.687063135442467114e+02
1.200000000000000000e+02,-4.687087416731610006e+02
1.300000000000000000e+02,-4.687113538385880815e+02
1.400000000000000000e+02,-4.687141448741246563e+02
1.500000000000000000e+02,-4.687171100334520020e+02
1.600000000000000000e+02,-4.687202449214113926e+02
1.700000000000000000e+02,-4.687235454352409647e+02
1.800000000000000000e+02,-4.687270077160869732e+02
1.900000000000000000e+02,-4.687306281100306933e+02
2.000000000000000000e+02,-4.687344031374298652e+02
2.100000000000000000e+02,-4.687383294692170352e+02
2.200000000000000000e+02,-4.687424039088266454e+02
2.300000000000000000e+02,-4.687466233785430063e+02
2.400000000000000000e+02,-4.687509849092329546e+02
2.500000000000000000e+02,-4.687554856326050299e+02
2.600000000000000000e+02,-4.687601227753069111e+02
2.700000000000000000e+02,-4.687648936543249079e+02
2.800000000000000000e+02,-4.687697956732775424e+02
2.900000000000000000e+02,-4.687748263193025196e+02
