1.000000000000000000e+01,-4.686973982500382476e+02
2.000000000000000000e+01,-4.686975221209057167e+02
3.000000000000000000e+01,-4.686978506898964838e+02
4.000000000000000000e+01,-4.686984281886313397e+02
5.000000000000000000e+01,-4.686992629346956960e+02
6.000000000000000000e+01,-4.687003498630465401e+02
7.000000000000000000e+01,-4.687016795031043443e+02
8.000000000000000000e+01,-4.687032413937708384e+02
9.000000000000000000e+01,-4.687050254152566708e+02
1.000000000000000000e+02,-4.687070222810907580e+02
1.100000000000000000e+02,-4.687092236646122387e+02
1.200000000000000000e+02,-4.687116221631985695e+02
1.300000000000000000e+02,-4.687142111959312274e+02
1.400000000000000000e+02,-4.687169848817350726e+02
1.500000000000000000e+02,-4.687199379207568199e+02
1.600000000000000000e+02,-4.687230654890370261e+02
1.700000000000000000e+02,-4.687263631498438485e+02
1.800000000000000000e+02,-4.687298267816220232e+02
1.900000000000000000e+02,-4.687334525209197977e+02
2.000000000000000000e+02,-4.687372367180540209e+02
2.100000000000000000e+02,-4.687411759031917313e+02
2.200000000000000000e+02,-4.687452667607080912e+02
2.300000000000000000e+02,-4.687495061099622831e+02
2.400000000000000000e+02,-4.687538908909482416e+02
2.500000000000000000e+02,-4.687584181535759740e+02
2.600000000000000000e+02,-4.687630850496034327e+02
2.700000000000000000e+02,-4.687678888264667307e+02
2.800000000000000000e+02,-4.687728268224372528e+02
2.900000000000000000e+02,-4.687778964626879770e+02
